****Z_2_mhex****

R_ab_alpha:
      ----------------------------------------------------
          T (K)  |    Gamma    |    Kappa    |    Kappa
                 |     CVT     |     SCT     |   CVT/CAG
       ----------------------------------------------------
          250.00 |  6.4415E-01 |  4.4373E+00 |  9.9190E-01
          300.00 |  7.2781E-01 |  2.6659E+00 |  9.8698E-01
          400.00 |  8.4929E-01 |  1.6903E+00 |  9.7630E-01
          500.00 |  9.3031E-01 |  1.3892E+00 |  9.6539E-01
          600.00 |  9.8546E-01 |  1.2531E+00 |  9.5982E-01
          700.00 |  9.9422E-01 |  1.1789E+00 |  8.2288E-01
          800.00 |  9.9734E-01 |  1.1337E+00 |  8.3657E-01
          900.00 |  9.5389E-01 |  1.1039E+00 |  5.6385E-01
         1000.00 |  9.1707E-01 |  1.0832E+00 |  5.7887E-01
         1100.00 |  8.8655E-01 |  1.0681E+00 |  5.8924E-01
         1200.00 |  8.6029E-01 |  1.0569E+00 |  5.9109E-01
         1300.00 |  8.3710E-01 |  1.0482E+00 |  5.9984E-01
         1400.00 |  8.1706E-01 |  1.0414E+00 |  6.0964E-01
         1500.00 |  7.9955E-01 |  1.0360E+00 |  6.1877E-01
         1600.00 |  7.8408E-01 |  1.0315E+00 |  6.2707E-01
         1700.00 |  7.7029E-01 |  1.0279E+00 |  6.3447E-01
         1800.00 |  7.5787E-01 |  1.0248E+00 |  6.4114E-01
         1900.00 |  7.4659E-01 |  1.0222E+00 |  6.4695E-01
         2000.00 |  7.3624E-01 |  1.0200E+00 |  6.5187E-01
       ----------------------------------------------------

R_ab_beta

       ----------------------------------------------------
          T (K)  |    Gamma    |    Kappa    |    Kappa
                 |     CVT     |     SCT     |   CVT/CAG
       ----------------------------------------------------
          250.00 |  6.3768E-01 |  1.0386E+01 |  9.9144E-01
          300.00 |  7.0477E-01 |  4.7236E+00 |  9.8706E-01
          400.00 |  7.9936E-01 |  2.3038E+00 |  9.7699E-01
          500.00 |  8.5987E-01 |  1.6876E+00 |  9.6543E-01
          600.00 |  8.9814E-01 |  1.4326E+00 |  9.5134E-01
          700.00 |  9.2241E-01 |  1.3001E+00 |  9.4403E-01
          800.00 |  9.3836E-01 |  1.2215E+00 |  9.4197E-01
          900.00 |  9.4927E-01 |  1.1708E+00 |  9.4264E-01
         1000.00 |  9.5699E-01 |  1.1359E+00 |  9.4458E-01
         1100.00 |  9.6262E-01 |  1.1109E+00 |  9.4705E-01
         1200.00 |  9.6684E-01 |  1.0923E+00 |  9.4972E-01
         1300.00 |  9.7007E-01 |  1.0781E+00 |  9.5256E-01
         1400.00 |  9.7261E-01 |  1.0669E+00 |  9.5529E-01
         1500.00 |  9.7462E-01 |  1.0580E+00 |  9.5784E-01
         1600.00 |  9.7624E-01 |  1.0508E+00 |  9.6012E-01
         1700.00 |  9.7757E-01 |  1.0448E+00 |  9.6218E-01
         1800.00 |  9.7865E-01 |  1.0399E+00 |  9.6407E-01
         1900.00 |  9.7955E-01 |  1.0357E+00 |  9.6580E-01
         2000.00 |  9.8031E-01 |  1.0322E+00 |  9.6736E-01
       ----------------------------------------------------

R_ab_gamma

       ----------------------------------------------------
          T (K)  |    Gamma    |    Kappa    |    Kappa
                 |     CVT     |     SCT     |   CVT/CAG
       ----------------------------------------------------
          250.00 |  9.9334E-01 |  6.5504E+00 |  8.4610E-01
          300.00 |  9.9721E-01 |  3.6966E+00 |  8.6500E-01
          400.00 |  9.9976E-01 |  2.0932E+00 |  8.9129E-01
          500.00 |  9.9995E-01 |  1.6069E+00 |  9.0886E-01
          600.00 |  9.9952E-01 |  1.3911E+00 |  9.2142E-01
          700.00 |  9.9898E-01 |  1.2749E+00 |  9.3108E-01
          800.00 |  9.9847E-01 |  1.2046E+00 |  9.3853E-01
          900.00 |  9.9803E-01 |  1.1586E+00 |  9.4465E-01
         1000.00 |  9.9766E-01 |  1.1267E+00 |  9.4963E-01
         1100.00 |  9.9736E-01 |  1.1036E+00 |  9.5379E-01
         1200.00 |  9.9711E-01 |  1.0864E+00 |  9.5739E-01
         1300.00 |  9.9690E-01 |  1.0732E+00 |  9.6044E-01
         1400.00 |  9.9672E-01 |  1.0628E+00 |  9.6306E-01
         1500.00 |  9.9657E-01 |  1.0545E+00 |  9.6538E-01
         1600.00 |  9.9644E-01 |  1.0478E+00 |  9.6742E-01
         1700.00 |  9.9633E-01 |  1.0422E+00 |  9.6927E-01
         1800.00 |  9.9624E-01 |  1.0376E+00 |  9.7091E-01
         1900.00 |  9.9615E-01 |  1.0337E+00 |  9.7238E-01
         2000.00 |  9.9608E-01 |  1.0303E+00 |  9.7371E-01
       ----------------------------------------------------

R_ab_delta

       ----------------------------------------------------
          T (K)  |    Gamma    |    Kappa    |    Kappa
                 |     CVT     |     SCT     |   CVT/CAG
       ----------------------------------------------------
          250.00 |  9.2841E-01 |  1.4944E+01 |  9.9758E-01
          300.00 |  9.3085E-01 |  6.7815E+00 |  9.9809E-01
          400.00 |  9.3423E-01 |  3.0382E+00 |  9.9864E-01
          500.00 |  9.3640E-01 |  2.0669E+00 |  9.9897E-01
          600.00 |  9.3785E-01 |  1.6669E+00 |  9.9914E-01
          700.00 |  9.3885E-01 |  1.4605E+00 |  9.9930E-01
          800.00 |  9.3956E-01 |  1.3388E+00 |  9.9939E-01
          900.00 |  9.4008E-01 |  1.2606E+00 |  9.9949E-01
         1000.00 |  9.4046E-01 |  1.2071E+00 |  9.9954E-01
         1100.00 |  9.4075E-01 |  1.1687E+00 |  9.9958E-01
         1200.00 |  9.4098E-01 |  1.1403E+00 |  9.9961E-01
         1300.00 |  9.4116E-01 |  1.1185E+00 |  9.9964E-01
         1400.00 |  9.4130E-01 |  1.1015E+00 |  9.9967E-01
         1500.00 |  9.4142E-01 |  1.0880E+00 |  9.9969E-01
         1600.00 |  9.4151E-01 |  1.0770E+00 |  9.9971E-01
         1700.00 |  9.4159E-01 |  1.0680E+00 |  9.9973E-01
         1800.00 |  9.4166E-01 |  1.0604E+00 |  9.9974E-01
         1900.00 |  9.4171E-01 |  1.0541E+00 |  9.9976E-01
         2000.00 |  9.4176E-01 |  1.0487E+00 |  9.9977E-01
       ----------------------------------------------------

R_ab_epsilon

       ----------------------------------------------------
          T (K)  |    Gamma    |    Kappa    |    Kappa
                 |     CVT     |     SCT     |   CVT/CAG
       ----------------------------------------------------
          250.00 |  6.7738E-01 |  2.1441E+01 |  9.9635E-01
          300.00 |  7.2058E-01 |  7.7951E+00 |  9.9196E-01
          400.00 |  7.7829E-01 |  3.0264E+00 |  9.8692E-01
          500.00 |  8.1417E-01 |  2.0015E+00 |  9.8477E-01
          600.00 |  8.3765E-01 |  1.6101E+00 |  9.8415E-01
          700.00 |  8.5356E-01 |  1.4155E+00 |  9.8438E-01
          800.00 |  8.6463E-01 |  1.3032E+00 |  9.8502E-01
          900.00 |  8.7253E-01 |  1.2319E+00 |  9.8587E-01
         1000.00 |  8.7828E-01 |  1.1836E+00 |  9.8671E-01
         1100.00 |  8.8255E-01 |  1.1492E+00 |  9.8760E-01
         1200.00 |  8.8576E-01 |  1.1238E+00 |  9.8839E-01
         1300.00 |  8.8821E-01 |  1.1045E+00 |  9.8916E-01
         1400.00 |  8.9010E-01 |  1.0894E+00 |  9.8986E-01
         1500.00 |  8.9157E-01 |  1.0774E+00 |  9.9047E-01
         1600.00 |  8.9272E-01 |  1.0677E+00 |  9.9106E-01
         1700.00 |  8.9362E-01 |  1.0597E+00 |  9.9159E-01
         1800.00 |  8.9434E-01 |  1.0531E+00 |  9.9205E-01
         1900.00 |  8.9490E-01 |  1.0475E+00 |  9.9247E-01
         2000.00 |  8.9535E-01 |  1.0427E+00 |  9.9287E-01
       ----------------------------------------------------

R_ab_methyl

       ----------------------------------------------------
          T (K)  |    Gamma    |    Kappa    |    Kappa
                 |     CVT     |     SCT     |   CVT/CAG
       ----------------------------------------------------
          250.00 |  9.8813E-01 |  4.0192E+01 |  9.9482E-01
          300.00 |  9.9101E-01 |  1.2408E+01 |  9.9462E-01
          400.00 |  9.9425E-01 |  3.9928E+00 |  9.9472E-01
          500.00 |  9.9593E-01 |  2.3993E+00 |  9.9495E-01
          600.00 |  9.9690E-01 |  1.8283E+00 |  9.9532E-01
          700.00 |  9.9750E-01 |  1.5548E+00 |  9.9568E-01
          800.00 |  9.9789E-01 |  1.4006E+00 |  9.9605E-01
          900.00 |  9.9816E-01 |  1.3043E+00 |  9.9634E-01
         1000.00 |  9.9836E-01 |  1.2397E+00 |  9.9661E-01
         1100.00 |  9.9850E-01 |  1.1941E+00 |  9.9684E-01
         1200.00 |  9.9860E-01 |  1.1606E+00 |  9.9706E-01
         1300.00 |  9.9869E-01 |  1.1352E+00 |  9.9725E-01
         1400.00 |  9.9875E-01 |  1.1155E+00 |  9.9741E-01
         1500.00 |  9.9881E-01 |  1.0998E+00 |  9.9758E-01
         1600.00 |  9.9885E-01 |  1.0872E+00 |  9.9770E-01
         1700.00 |  9.9889E-01 |  1.0768E+00 |  9.9784E-01
         1800.00 |  9.9892E-01 |  1.0682E+00 |  9.9793E-01
         1900.00 |  9.9894E-01 |  1.0610E+00 |  9.9804E-01
         2000.00 |  9.9896E-01 |  1.0549E+00 |  9.9814E-01
       ----------------------------------------------------

R_ad_alpha

       ----------------------------------------------------
          T (K)  |    Gamma    |    Kappa    |    Kappa
                 |     CVT     |     SCT     |   CVT/CAG
       ----------------------------------------------------
          250.00 |  9.9410E-01 |  2.4217E+00 |  9.9870E-01
          300.00 |  9.9450E-01 |  1.8192E+00 |  9.9885E-01
          400.00 |  9.9484E-01 |  1.3884E+00 |  9.9912E-01
          500.00 |  9.9495E-01 |  1.2307E+00 |  9.9929E-01
          600.00 |  9.9499E-01 |  1.1541E+00 |  9.9941E-01
          700.00 |  9.9500E-01 |  1.1106E+00 |  9.9949E-01
          800.00 |  9.9501E-01 |  1.0834E+00 |  9.9956E-01
          900.00 |  9.8474E-01 |  1.0652E+00 |  9.2123E-01
         1000.00 |  9.7056E-01 |  1.0525E+00 |  9.1636E-01
         1100.00 |  9.5745E-01 |  1.0431E+00 |  9.1055E-01
         1200.00 |  9.4511E-01 |  1.0361E+00 |  9.0513E-01
         1300.00 |  9.3354E-01 |  1.0307E+00 |  9.0069E-01
         1400.00 |  9.2270E-01 |  1.0264E+00 |  8.9719E-01
         1500.00 |  9.1256E-01 |  1.0229E+00 |  8.9421E-01
         1600.00 |  9.0301E-01 |  1.0201E+00 |  8.9037E-01
         1700.00 |  8.9391E-01 |  1.0178E+00 |  8.8667E-01
         1800.00 |  8.8527E-01 |  1.0159E+00 |  8.8362E-01
         1900.00 |  8.7705E-01 |  1.0142E+00 |  8.8109E-01
         2000.00 |  8.6924E-01 |  1.0128E+00 |  8.7897E-01
       ----------------------------------------------------

R_ad_beta

       ----------------------------------------------------
          T (K)  |    Gamma    |    Kappa    |    Kappa
                 |     CVT     |     SCT     |   CVT/CAG
       ----------------------------------------------------
          250.00 |  9.9809E-01 |  2.4771E+00 |  9.9987E-01
          300.00 |  9.9817E-01 |  1.8854E+00 |  9.9989E-01
          400.00 |  9.9822E-01 |  1.4333E+00 |  9.9992E-01
          500.00 |  9.9823E-01 |  1.2606E+00 |  9.9994E-01
          600.00 |  9.9822E-01 |  1.1751E+00 |  9.9995E-01
          700.00 |  9.9822E-01 |  1.1261E+00 |  9.9996E-01
          800.00 |  9.9821E-01 |  1.0953E+00 |  9.9997E-01
          900.00 |  9.9820E-01 |  1.0747E+00 |  9.9997E-01
         1000.00 |  9.9820E-01 |  1.0601E+00 |  9.9997E-01
         1100.00 |  9.9820E-01 |  1.0495E+00 |  9.9998E-01
         1200.00 |  9.9819E-01 |  1.0414E+00 |  9.9998E-01
         1300.00 |  9.9819E-01 |  1.0352E+00 |  9.9998E-01
         1400.00 |  9.9819E-01 |  1.0303E+00 |  9.9998E-01
         1500.00 |  9.9819E-01 |  1.0263E+00 |  9.9998E-01
         1600.00 |  9.9818E-01 |  1.0231E+00 |  9.9998E-01
         1700.00 |  9.9818E-01 |  1.0204E+00 |  9.9998E-01
         1800.00 |  9.9818E-01 |  1.0182E+00 |  9.9999E-01
         1900.00 |  9.9818E-01 |  1.0163E+00 |  9.9999E-01
         2000.00 |  9.9818E-01 |  1.0147E+00 |  9.9999E-01
       ----------------------------------------------------

****E_2_mhex****

R_ab_alpha

       ----------------------------------------------------
          T (K)  |    Gamma    |    Kappa    |    Kappa
                 |     CVT     |     SCT     |   CVT/CAG
       ----------------------------------------------------
          250.00 |  8.4934E-01 |  3.8965E+00 |  9.7410E-01
          300.00 |  9.4949E-01 |  2.4576E+00 |  9.6443E-01
          400.00 |  9.8857E-01 |  1.6210E+00 |  7.3989E-01
          500.00 |  9.9539E-01 |  1.3537E+00 |  7.7835E-01
          600.00 |  9.9825E-01 |  1.2312E+00 |  8.0700E-01
          700.00 |  9.9945E-01 |  1.1640E+00 |  8.2937E-01
          800.00 |  9.9990E-01 |  1.1227E+00 |  8.4714E-01
          900.00 |  1.0000E+00 |  1.0955E+00 |  8.6155E-01
         1000.00 |  9.9994E-01 |  1.0765E+00 |  8.7357E-01
         1100.00 |  9.9981E-01 |  1.0627E+00 |  8.8374E-01
         1200.00 |  9.9966E-01 |  1.0524E+00 |  8.9229E-01
         1300.00 |  9.9949E-01 |  1.0444E+00 |  8.9978E-01
         1400.00 |  9.9934E-01 |  1.0382E+00 |  9.0633E-01
         1500.00 |  9.9919E-01 |  1.0331E+00 |  9.1204E-01
         1600.00 |  9.9906E-01 |  1.0291E+00 |  9.1707E-01
         1700.00 |  9.9894E-01 |  1.0257E+00 |  9.2161E-01
         1800.00 |  9.9883E-01 |  1.0229E+00 |  9.2566E-01
         1900.00 |  9.9874E-01 |  1.0205E+00 |  9.2936E-01
         2000.00 |  9.9865E-01 |  1.0185E+00 |  9.3264E-01
       ----------------------------------------------------

R_ab_beta

       ----------------------------------------------------
          T (K)  |    Gamma    |    Kappa    |    Kappa
                 |     CVT     |     SCT     |   CVT/CAG
       ----------------------------------------------------
          250.00 |  8.2258E-01 |  7.2889E+00 |  9.7214E-01
          300.00 |  9.3097E-01 |  3.6738E+00 |  9.6242E-01
          400.00 |  9.8690E-01 |  2.0037E+00 |  7.1387E-01
          500.00 |  9.9409E-01 |  1.5449E+00 |  7.5674E-01
          600.00 |  9.9730E-01 |  1.3478E+00 |  7.8854E-01
          700.00 |  9.9879E-01 |  1.2433E+00 |  8.1324E-01
          800.00 |  9.9950E-01 |  1.1806E+00 |  8.3288E-01
          900.00 |  9.9983E-01 |  1.1397E+00 |  8.4884E-01
         1000.00 |  9.9996E-01 |  1.1115E+00 |  8.6203E-01
         1100.00 |  1.0000E+00 |  1.0911E+00 |  8.7320E-01
         1200.00 |  9.9999E-01 |  1.0759E+00 |  8.8271E-01
         1300.00 |  9.9995E-01 |  1.0643E+00 |  8.9083E-01
         1400.00 |  9.9990E-01 |  1.0551E+00 |  8.9795E-01
         1500.00 |  9.9985E-01 |  1.0478E+00 |  9.0424E-01
         1600.00 |  9.9980E-01 |  1.0419E+00 |  9.0978E-01
         1700.00 |  9.9975E-01 |  1.0370E+00 |  9.1478E-01
         1800.00 |  9.9971E-01 |  1.0329E+00 |  9.1917E-01
         1900.00 |  9.9966E-01 |  1.0295E+00 |  9.2319E-01
         2000.00 |  9.9962E-01 |  1.0266E+00 |  9.2682E-01
       ----------------------------------------------------

R_ab_gamma

       ----------------------------------------------------
          T (K)  |    Gamma    |    Kappa    |    Kappa
                 |     CVT     |     SCT     |   CVT/CAG
       ----------------------------------------------------
          250.00 |  9.9405E-01 |  6.5622E+00 |  9.7468E-01
          300.00 |  9.9668E-01 |  3.6768E+00 |  9.7674E-01
          400.00 |  9.9900E-01 |  2.0766E+00 |  9.8003E-01
          500.00 |  9.9975E-01 |  1.5958E+00 |  9.8249E-01
          600.00 |  9.9997E-01 |  1.3833E+00 |  9.8453E-01
          700.00 |  1.0000E+00 |  1.2691E+00 |  9.8614E-01
          800.00 |  9.9996E-01 |  1.2002E+00 |  9.8751E-01
          900.00 |  9.9989E-01 |  1.1551E+00 |  9.8862E-01
         1000.00 |  9.9983E-01 |  1.1238E+00 |  9.8956E-01
         1100.00 |  9.9977E-01 |  1.1013E+00 |  9.9037E-01
         1200.00 |  9.9972E-01 |  1.0845E+00 |  9.9108E-01
         1300.00 |  9.9967E-01 |  1.0715E+00 |  9.9169E-01
         1400.00 |  9.9963E-01 |  1.0614E+00 |  9.9224E-01
         1500.00 |  9.9959E-01 |  1.0533E+00 |  9.9269E-01
         1600.00 |  9.9956E-01 |  1.0467E+00 |  9.9311E-01
         1700.00 |  9.9954E-01 |  1.0412E+00 |  9.9349E-01
         1800.00 |  9.9951E-01 |  1.0367E+00 |  9.9385E-01
         1900.00 |  9.9949E-01 |  1.0329E+00 |  9.9414E-01
         2000.00 |  9.9947E-01 |  1.0296E+00 |  9.9441E-01
       ----------------------------------------------------

R_ab_delta

       ----------------------------------------------------
          T (K)  |    Gamma    |    Kappa    |    Kappa
                 |     CVT     |     SCT     |   CVT/CAG
       ----------------------------------------------------
          250.00 |  9.8688E-01 |  1.1618E+01 |  9.3995E-01
          300.00 |  9.9184E-01 |  5.4523E+00 |  9.4607E-01
          400.00 |  9.9656E-01 |  2.5930E+00 |  9.5511E-01
          500.00 |  9.9846E-01 |  1.8405E+00 |  9.6173E-01
          600.00 |  9.9930E-01 |  1.5278E+00 |  9.6670E-01
          700.00 |  9.9968E-01 |  1.3655E+00 |  9.7057E-01
          800.00 |  9.9987E-01 |  1.2694E+00 |  9.7367E-01
          900.00 |  9.9995E-01 |  1.2075E+00 |  9.7626E-01
         1000.00 |  9.9999E-01 |  1.1650E+00 |  9.7833E-01
         1100.00 |  1.0000E+00 |  1.1346E+00 |  9.8012E-01
         1200.00 |  1.0000E+00 |  1.1119E+00 |  9.8167E-01
         1300.00 |  9.9999E-01 |  1.0946E+00 |  9.8298E-01
         1400.00 |  9.9998E-01 |  1.0811E+00 |  9.8410E-01
         1500.00 |  9.9997E-01 |  1.0703E+00 |  9.8512E-01
         1600.00 |  9.9996E-01 |  1.0615E+00 |  9.8597E-01
         1700.00 |  9.9995E-01 |  1.0543E+00 |  9.8675E-01
         1800.00 |  9.9994E-01 |  1.0483E+00 |  9.8748E-01
         1900.00 |  9.9993E-01 |  1.0432E+00 |  9.8811E-01
         2000.00 |  9.9993E-01 |  1.0389E+00 |  9.8867E-01
       ----------------------------------------------------

R_ab_epsilon

       ----------------------------------------------------
          T (K)  |    Gamma    |    Kappa    |    Kappa
                 |     CVT     |     SCT     |   CVT/CAG
       ----------------------------------------------------
          250.00 |  9.7261E-01 |  2.2754E+01 |  8.6451E-01
          300.00 |  9.8166E-01 |  8.0004E+00 |  8.8040E-01
          400.00 |  9.9079E-01 |  3.0404E+00 |  9.0288E-01
          500.00 |  9.9488E-01 |  2.0009E+00 |  9.1823E-01
          600.00 |  9.9694E-01 |  1.6077E+00 |  9.2936E-01
          700.00 |  9.9805E-01 |  1.4131E+00 |  9.3798E-01
          800.00 |  9.9870E-01 |  1.3012E+00 |  9.4473E-01
          900.00 |  9.9909E-01 |  1.2302E+00 |  9.5016E-01
         1000.00 |  9.9934E-01 |  1.1822E+00 |  9.5466E-01
         1100.00 |  9.9951E-01 |  1.1480E+00 |  9.5842E-01
         1200.00 |  9.9962E-01 |  1.1228E+00 |  9.6163E-01
         1300.00 |  9.9970E-01 |  1.1036E+00 |  9.6441E-01
         1400.00 |  9.9976E-01 |  1.0886E+00 |  9.6680E-01
         1500.00 |  9.9981E-01 |  1.0767E+00 |  9.6887E-01
         1600.00 |  9.9984E-01 |  1.0671E+00 |  9.7074E-01
         1700.00 |  9.9986E-01 |  1.0591E+00 |  9.7239E-01
         1800.00 |  9.9988E-01 |  1.0526E+00 |  9.7386E-01
         1900.00 |  9.9990E-01 |  1.0470E+00 |  9.7518E-01
         2000.00 |  9.9991E-01 |  1.0423E+00 |  9.7636E-01
       ----------------------------------------------------

R_ab_methyl

       ----------------------------------------------------
          T (K)  |    Gamma    |    Kappa    |    Kappa
                 |     CVT     |     SCT     |   CVT/CAG
       ----------------------------------------------------
          250.00 |  7.7412E-01 |  3.7877E+01 |  9.9999E-01
          300.00 |  7.9991E-01 |  1.1832E+01 |  1.0000E+00
          400.00 |  8.3340E-01 |  3.8676E+00 |  9.9999E-01
          500.00 |  8.5367E-01 |  2.3462E+00 |  9.9997E-01
          600.00 |  8.6657E-01 |  1.7987E+00 |  9.9995E-01
          700.00 |  8.7500E-01 |  1.5356E+00 |  9.9995E-01
          800.00 |  8.8060E-01 |  1.3870E+00 |  9.9996E-01
          900.00 |  8.8434E-01 |  1.2941E+00 |  9.9997E-01
         1000.00 |  8.8686E-01 |  1.2318E+00 |  9.9999E-01
         1100.00 |  8.8852E-01 |  1.1877E+00 |  1.0000E+00
         1200.00 |  8.8961E-01 |  1.1554E+00 |  1.0000E+00
         1300.00 |  8.9027E-01 |  1.1308E+00 |  1.0000E+00
         1400.00 |  8.9064E-01 |  1.1118E+00 |  9.9998E-01
         1500.00 |  8.9080E-01 |  1.0966E+00 |  9.9997E-01
         1600.00 |  8.9080E-01 |  1.0844E+00 |  9.9995E-01
         1700.00 |  8.9069E-01 |  1.0744E+00 |  9.9992E-01
         1800.00 |  8.9049E-01 |  1.0661E+00 |  9.9990E-01
         1900.00 |  8.9023E-01 |  1.0591E+00 |  9.9987E-01
         2000.00 |  8.8993E-01 |  1.0532E+00 |  9.9983E-01
       ----------------------------------------------------

R_ad_alpha

       ----------------------------------------------------
          T (K)  |    Gamma    |    Kappa    |    Kappa
                 |     CVT     |     SCT     |   CVT/CAG
       ----------------------------------------------------
          250.00 |  9.9620E-01 |  2.5607E+00 |  9.9896E-01
          300.00 |  9.9650E-01 |  1.8922E+00 |  9.9906E-01
          400.00 |  9.9676E-01 |  1.4198E+00 |  9.9927E-01
          500.00 |  9.9684E-01 |  1.2486E+00 |  9.9942E-01
          600.00 |  9.9686E-01 |  1.1657E+00 |  9.9951E-01
          700.00 |  9.9687E-01 |  1.1188E+00 |  9.9958E-01
          800.00 |  9.9687E-01 |  1.0896E+00 |  9.9964E-01
          900.00 |  9.9687E-01 |  1.0700E+00 |  9.9968E-01
         1000.00 |  9.9686E-01 |  1.0563E+00 |  9.9972E-01
         1100.00 |  9.9686E-01 |  1.0463E+00 |  9.9974E-01
         1200.00 |  9.9686E-01 |  1.0387E+00 |  9.9977E-01
         1300.00 |  9.9685E-01 |  1.0329E+00 |  9.9978E-01
         1400.00 |  9.9685E-01 |  1.0283E+00 |  9.9980E-01
         1500.00 |  9.9685E-01 |  1.0246E+00 |  9.9981E-01
         1600.00 |  9.9685E-01 |  1.0216E+00 |  9.9982E-01
         1700.00 |  9.9684E-01 |  1.0191E+00 |  9.9983E-01
         1800.00 |  9.9684E-01 |  1.0170E+00 |  9.9984E-01
         1900.00 |  9.9684E-01 |  1.0152E+00 |  9.9985E-01
         2000.00 |  9.9684E-01 |  1.0137E+00 |  9.9986E-01
       ----------------------------------------------------

R_ad_beta

       ----------------------------------------------------
          T (K)  |    Gamma    |    Kappa    |    Kappa
                 |     CVT     |     SCT     |   CVT/CAG
       ----------------------------------------------------
          250.00 |  9.9601E-01 |  2.3835E+00 |  9.9922E-01
          300.00 |  9.9633E-01 |  1.8114E+00 |  9.9928E-01
          400.00 |  9.9662E-01 |  1.3904E+00 |  9.9943E-01
          500.00 |  9.9673E-01 |  1.2333E+00 |  9.9952E-01
          600.00 |  9.9678E-01 |  1.1562E+00 |  9.9960E-01
          700.00 |  9.9681E-01 |  1.1123E+00 |  9.9966E-01
          800.00 |  9.9683E-01 |  1.0848E+00 |  9.9970E-01
          900.00 |  9.9684E-01 |  1.0664E+00 |  9.9974E-01
         1000.00 |  9.9684E-01 |  1.0534E+00 |  9.9976E-01
         1100.00 |  9.9685E-01 |  1.0439E+00 |  9.9978E-01
         1200.00 |  9.9685E-01 |  1.0368E+00 |  9.9980E-01
         1300.00 |  9.9475E-01 |  1.0312E+00 |  8.4906E-01
         1400.00 |  9.7752E-01 |  1.0269E+00 |  8.4464E-01
         1500.00 |  9.6137E-01 |  1.0234E+00 |  8.3829E-01
         1600.00 |  9.4607E-01 |  1.0205E+00 |  8.3290E-01
         1700.00 |  9.3161E-01 |  1.0181E+00 |  8.2857E-01
         1800.00 |  9.1798E-01 |  1.0162E+00 |  8.2519E-01
         1900.00 |  9.0513E-01 |  1.0145E+00 |  8.2242E-01
         2000.00 |  8.9292E-01 |  1.0131E+00 |  8.1768E-01
       ----------------------------------------------------

****Z_3_mhex****

R_ab_alpha

       ----------------------------------------------------
          T (K)  |    Gamma    |    Kappa    |    Kappa
                 |     CVT     |     SCT     |   CVT/CAG
       ----------------------------------------------------
          250.00 |  9.8164E-01 |  6.7900E+00 |  7.0072E-01
          300.00 |  9.9109E-01 |  3.7764E+00 |  7.3379E-01
          400.00 |  9.9815E-01 |  2.1132E+00 |  7.8284E-01
          500.00 |  9.9982E-01 |  1.6154E+00 |  8.1702E-01
          600.00 |  9.9997E-01 |  1.3958E+00 |  8.4214E-01
          700.00 |  9.9964E-01 |  1.2779E+00 |  8.6107E-01
          800.00 |  9.9919E-01 |  1.2067E+00 |  8.7597E-01
          900.00 |  9.9876E-01 |  1.1601E+00 |  8.8814E-01
         1000.00 |  9.9837E-01 |  1.1279E+00 |  8.9806E-01
         1100.00 |  9.9804E-01 |  1.1046E+00 |  9.0646E-01
         1200.00 |  9.9776E-01 |  1.0872E+00 |  9.1359E-01
         1300.00 |  9.9753E-01 |  1.0738E+00 |  9.1972E-01
         1400.00 |  9.9732E-01 |  1.0634E+00 |  9.2501E-01
         1500.00 |  9.9715E-01 |  1.0550E+00 |  9.2967E-01
         1600.00 |  9.9700E-01 |  1.0482E+00 |  9.3381E-01
         1700.00 |  9.9688E-01 |  1.0426E+00 |  9.3749E-01
         1800.00 |  9.9676E-01 |  1.0379E+00 |  9.4076E-01
         1900.00 |  9.9667E-01 |  1.0339E+00 |  9.4375E-01
         2000.00 |  9.9658E-01 |  1.0306E+00 |  9.4644E-01
       ----------------------------------------------------

R_ab_beta

       ----------------------------------------------------
          T (K)  |    Gamma    |    Kappa    |    Kappa
                 |     CVT     |     SCT     |   CVT/CAG
       ----------------------------------------------------
          250.00 |  9.8480E-01 |  6.0020E+00 |  6.5409E-01
          300.00 |  9.8985E-01 |  3.2647E+00 |  6.9914E-01
          400.00 |  9.9486E-01 |  1.8863E+00 |  7.6146E-01
          500.00 |  9.9709E-01 |  1.4883E+00 |  8.0247E-01
          600.00 |  9.9822E-01 |  1.3139E+00 |  8.3131E-01
          700.00 |  9.9884E-01 |  1.2204E+00 |  8.5295E-01
          800.00 |  9.9921E-01 |  1.1640E+00 |  8.6969E-01
          900.00 |  9.9944E-01 |  1.1271E+00 |  8.8304E-01
         1000.00 |  9.9959E-01 |  1.1015E+00 |  8.9387E-01
         1100.00 |  9.9968E-01 |  1.0831E+00 |  9.0294E-01
         1200.00 |  9.9975E-01 |  1.0693E+00 |  9.1056E-01
         1300.00 |  9.9980E-01 |  1.0587E+00 |  9.1706E-01
         1400.00 |  9.9984E-01 |  1.0503E+00 |  9.2266E-01
         1500.00 |  9.9986E-01 |  1.0437E+00 |  9.2763E-01
         1600.00 |  9.9988E-01 |  1.0383E+00 |  9.3192E-01
         1700.00 |  9.9990E-01 |  1.0338E+00 |  9.3579E-01
         1800.00 |  9.9991E-01 |  1.0301E+00 |  9.3925E-01
         1900.00 |  9.9992E-01 |  1.0270E+00 |  9.4229E-01
         2000.00 |  9.9993E-01 |  1.0243E+00 |  9.4509E-01
       ----------------------------------------------------

R_ab_gamma

       ----------------------------------------------------
          T (K)  |    Gamma    |    Kappa    |    Kappa
                 |     CVT     |     SCT     |   CVT/CAG
       ----------------------------------------------------
          250.00 |  7.4605E-01 |  7.0753E+00 |  9.8748E-01
          300.00 |  8.3596E-01 |  3.6610E+00 |  9.8167E-01
          400.00 |  9.6329E-01 |  2.0115E+00 |  9.6908E-01
          500.00 |  9.8964E-01 |  1.5507E+00 |  7.7860E-01
          600.00 |  9.9465E-01 |  1.3519E+00 |  8.0591E-01
          700.00 |  9.9713E-01 |  1.2463E+00 |  8.2765E-01
          800.00 |  9.9844E-01 |  1.1828E+00 |  8.4524E-01
          900.00 |  9.9915E-01 |  1.1415E+00 |  8.5970E-01
         1000.00 |  9.9954E-01 |  1.1129E+00 |  8.7174E-01
         1100.00 |  9.9976E-01 |  1.0923E+00 |  8.8201E-01
         1200.00 |  9.9989E-01 |  1.0769E+00 |  8.9073E-01
         1300.00 |  9.9995E-01 |  1.0651E+00 |  8.9827E-01
         1400.00 |  9.9999E-01 |  1.0559E+00 |  9.0494E-01
         1500.00 |  1.0000E+00 |  1.0485E+00 |  9.1076E-01
         1600.00 |  1.0000E+00 |  1.0425E+00 |  9.1588E-01
         1700.00 |  9.9999E-01 |  1.0375E+00 |  9.2049E-01
         1800.00 |  9.9998E-01 |  1.0334E+00 |  9.2460E-01
         1900.00 |  9.9997E-01 |  1.0299E+00 |  9.2837E-01
         2000.00 |  9.9996E-01 |  1.0269E+00 |  9.3170E-01
       ----------------------------------------------------

R_ab_delta

       ----------------------------------------------------
          T (K)  |    Gamma    |    Kappa    |    Kappa
                 |     CVT     |     SCT     |   CVT/CAG
       ----------------------------------------------------
          250.00 |  9.9759E-01 |  5.2661E+00 |  8.4377E-01
          300.00 |  9.9892E-01 |  3.1485E+00 |  8.6638E-01
          400.00 |  9.9986E-01 |  1.9013E+00 |  8.9625E-01
          500.00 |  1.0000E+00 |  1.5079E+00 |  9.1514E-01
          600.00 |  9.9993E-01 |  1.3299E+00 |  9.2816E-01
          700.00 |  9.9981E-01 |  1.2330E+00 |  9.3775E-01
          800.00 |  9.9969E-01 |  1.1739E+00 |  9.4513E-01
          900.00 |  9.9959E-01 |  1.1351E+00 |  9.5091E-01
         1000.00 |  9.9951E-01 |  1.1081E+00 |  9.5561E-01
         1100.00 |  9.9943E-01 |  1.0885E+00 |  9.5952E-01
         1200.00 |  9.9937E-01 |  1.0739E+00 |  9.6274E-01
         1300.00 |  9.9933E-01 |  1.0626E+00 |  9.6556E-01
         1400.00 |  9.9928E-01 |  1.0538E+00 |  9.6794E-01
         1500.00 |  9.9925E-01 |  1.0467E+00 |  9.7001E-01
         1600.00 |  9.9922E-01 |  1.0409E+00 |  9.7186E-01
         1700.00 |  9.9919E-01 |  1.0361E+00 |  9.7346E-01
         1800.00 |  9.9917E-01 |  1.0322E+00 |  9.7492E-01
         1900.00 |  9.9915E-01 |  1.0288E+00 |  9.7619E-01
         2000.00 |  9.9914E-01 |  1.0260E+00 |  9.7737E-01
       ----------------------------------------------------

R_ab_epsilon

       ----------------------------------------------------
          T (K)  |    Gamma    |    Kappa    |    Kappa
                 |     CVT     |     SCT     |   CVT/CAG
       ----------------------------------------------------
          250.00 |  9.7309E-01 |  1.9243E+01 |  7.9746E-01
          300.00 |  9.8236E-01 |  7.1700E+00 |  8.2143E-01
          400.00 |  9.9141E-01 |  2.8750E+00 |  8.5608E-01
          500.00 |  9.9534E-01 |  1.9346E+00 |  8.7951E-01
          600.00 |  9.9728E-01 |  1.5719E+00 |  8.9658E-01
          700.00 |  9.9832E-01 |  1.3905E+00 |  9.0936E-01
          800.00 |  9.9891E-01 |  1.2854E+00 |  9.1943E-01
          900.00 |  9.9926E-01 |  1.2186E+00 |  9.2761E-01
         1000.00 |  9.9948E-01 |  1.1732E+00 |  9.3420E-01
         1100.00 |  9.9963E-01 |  1.1408E+00 |  9.3977E-01
         1200.00 |  9.9973E-01 |  1.1169E+00 |  9.4444E-01
         1300.00 |  9.9979E-01 |  1.0987E+00 |  9.4847E-01
         1400.00 |  9.9984E-01 |  1.0844E+00 |  9.5194E-01
         1500.00 |  9.9987E-01 |  1.0731E+00 |  9.5501E-01
         1600.00 |  9.9990E-01 |  1.0639E+00 |  9.5771E-01
         1700.00 |  9.9992E-01 |  1.0564E+00 |  9.6009E-01
         1800.00 |  9.9993E-01 |  1.0501E+00 |  9.6222E-01
         1900.00 |  9.9995E-01 |  1.0449E+00 |  9.6413E-01
         2000.00 |  9.9995E-01 |  1.0404E+00 |  9.6589E-01
       ----------------------------------------------------

R_ab_methyl

       ----------------------------------------------------
          T (K)  |    Gamma    |    Kappa    |    Kappa
                 |     CVT     |     SCT     |   CVT/CAG
       ----------------------------------------------------
          250.00 |  9.8590E-01 |  3.9106E+01 |  9.9984E-01
          300.00 |  9.7560E-01 |  1.1913E+01 |  9.3410E-01
          400.00 |  9.8597E-01 |  3.8391E+00 |  9.4283E-01
          500.00 |  9.9090E-01 |  2.3263E+00 |  9.5041E-01
          600.00 |  9.9356E-01 |  1.7854E+00 |  9.5640E-01
          700.00 |  9.9512E-01 |  1.5262E+00 |  9.6134E-01
          800.00 |  9.9611E-01 |  1.3801E+00 |  9.6532E-01
          900.00 |  9.9676E-01 |  1.2888E+00 |  9.6855E-01
         1000.00 |  9.9722E-01 |  1.2275E+00 |  9.7130E-01
         1100.00 |  9.9754E-01 |  1.1843E+00 |  9.7367E-01
         1200.00 |  9.9779E-01 |  1.1525E+00 |  9.7564E-01
         1300.00 |  9.9797E-01 |  1.1284E+00 |  9.7736E-01
         1400.00 |  9.9812E-01 |  1.1097E+00 |  9.7887E-01
         1500.00 |  9.9823E-01 |  1.0948E+00 |  9.8019E-01
         1600.00 |  9.9832E-01 |  1.0828E+00 |  9.8134E-01
         1700.00 |  9.9840E-01 |  1.0730E+00 |  9.8239E-01
         1800.00 |  9.9846E-01 |  1.0648E+00 |  9.8333E-01
         1900.00 |  9.9851E-01 |  1.0580E+00 |  9.8417E-01
         2000.00 |  9.9856E-01 |  1.0522E+00 |  9.8492E-01
       ----------------------------------------------------

R_ad_beta

       ----------------------------------------------------
          T (K)  |    Gamma    |    Kappa    |    Kappa
                 |     CVT     |     SCT     |   CVT/CAG
       ----------------------------------------------------
          250.00 |  9.9511E-01 |  2.2526E+00 |  9.9976E-01
          300.00 |  9.9539E-01 |  1.7531E+00 |  9.9978E-01
          400.00 |  9.9563E-01 |  1.3696E+00 |  9.9985E-01
          500.00 |  9.9570E-01 |  1.2226E+00 |  9.9988E-01
          600.00 |  9.9573E-01 |  1.1497E+00 |  9.9990E-01
          700.00 |  9.9573E-01 |  1.1079E+00 |  9.9992E-01
          800.00 |  9.9573E-01 |  1.0816E+00 |  9.9993E-01
          900.00 |  9.9261E-01 |  1.0639E+00 |  8.8950E-01
         1000.00 |  9.7278E-01 |  1.0514E+00 |  8.8767E-01
         1100.00 |  9.5495E-01 |  1.0423E+00 |  8.8357E-01
         1200.00 |  9.3872E-01 |  1.0354E+00 |  8.8096E-01
         1300.00 |  9.2397E-01 |  1.0301E+00 |  8.7928E-01
         1400.00 |  9.1052E-01 |  1.0259E+00 |  8.7831E-01
         1500.00 |  8.9823E-01 |  1.0225E+00 |  8.7780E-01
         1600.00 |  8.8689E-01 |  1.0198E+00 |  8.7583E-01
         1700.00 |  8.7632E-01 |  1.0175E+00 |  8.7452E-01
         1800.00 |  8.6648E-01 |  1.0156E+00 |  8.7371E-01
         1900.00 |  8.5730E-01 |  1.0140E+00 |  8.7338E-01
         2000.00 |  8.4873E-01 |  1.0126E+00 |  8.7334E-01
       ----------------------------------------------------

R_ad_gamma

       ----------------------------------------------------
          T (K)  |    Gamma    |    Kappa    |    Kappa
                 |     CVT     |     SCT     |   CVT/CAG
       ----------------------------------------------------
          250.00 |  8.8646E-01 |  1.8040E+00 |  9.5196E-01
          300.00 |  8.6177E-01 |  1.4990E+00 |  9.3539E-01
          400.00 |  8.1403E-01 |  1.2525E+00 |  9.0428E-01
          500.00 |  7.7023E-01 |  1.1541E+00 |  8.7680E-01
          600.00 |  7.3174E-01 |  1.1044E+00 |  8.5121E-01
          700.00 |  6.9751E-01 |  1.0755E+00 |  8.3161E-01
          800.00 |  6.6732E-01 |  1.0573E+00 |  8.1195E-01
          900.00 |  6.4019E-01 |  1.0450E+00 |  7.9669E-01
         1000.00 |  6.1602E-01 |  1.0362E+00 |  7.8442E-01
         1100.00 |  5.9410E-01 |  1.0298E+00 |  7.7064E-01
         1200.00 |  5.7420E-01 |  1.0250E+00 |  7.6151E-01
         1300.00 |  5.5617E-01 |  1.0213E+00 |  7.5345E-01
         1400.00 |  5.3960E-01 |  1.0183E+00 |  7.4387E-01
         1500.00 |  5.2433E-01 |  1.0159E+00 |  7.3736E-01
         1600.00 |  5.1029E-01 |  1.0140E+00 |  7.3285E-01
         1700.00 |  4.9735E-01 |  1.0124E+00 |  7.2691E-01
         1800.00 |  4.8527E-01 |  1.0110E+00 |  7.2139E-01
         1900.00 |  4.7401E-01 |  1.0099E+00 |  7.1738E-01
         2000.00 |  4.6352E-01 |  1.0089E+00 |  7.1453E-01
       ----------------------------------------------------

****E_3_mhex****

R_ab_alpha

       ----------------------------------------------------
          T (K)  |    Gamma    |    Kappa    |    Kappa
                 |     CVT     |     SCT     |   CVT/CAG
       ----------------------------------------------------
          250.00 |  9.9106E-01 |  6.3784E+00 |  7.4015E-01
          300.00 |  9.9499E-01 |  3.6063E+00 |  7.7523E-01
          400.00 |  9.9840E-01 |  2.0572E+00 |  8.2272E-01
          500.00 |  9.9953E-01 |  1.5876E+00 |  8.5358E-01
          600.00 |  9.9990E-01 |  1.3789E+00 |  8.7533E-01
          700.00 |  9.9999E-01 |  1.2665E+00 |  8.9147E-01
          800.00 |  9.9999E-01 |  1.1984E+00 |  9.0392E-01
          900.00 |  9.9995E-01 |  1.1538E+00 |  9.1388E-01
         1000.00 |  9.9990E-01 |  1.1229E+00 |  9.2193E-01
         1100.00 |  9.9985E-01 |  1.1006E+00 |  9.2863E-01
         1200.00 |  9.9980E-01 |  1.0839E+00 |  9.3425E-01
         1300.00 |  9.9976E-01 |  1.0710E+00 |  9.3909E-01
         1400.00 |  9.9972E-01 |  1.0610E+00 |  9.4326E-01
         1500.00 |  9.9969E-01 |  1.0529E+00 |  9.4689E-01
         1600.00 |  9.9966E-01 |  1.0464E+00 |  9.5008E-01
         1700.00 |  9.9964E-01 |  1.0410E+00 |  9.5290E-01
         1800.00 |  9.9962E-01 |  1.0365E+00 |  9.5545E-01
         1900.00 |  9.9960E-01 |  1.0327E+00 |  9.5771E-01
         2000.00 |  9.9958E-01 |  1.0294E+00 |  9.5978E-01
       ----------------------------------------------------

R_ab_beta

       ----------------------------------------------------
          T (K)  |    Gamma    |    Kappa    |    Kappa
                 |     CVT     |     SCT     |   CVT/CAG
       ----------------------------------------------------
          250.00 |  9.9936E-01 |  7.2522E+00 |  5.8529E-01
          300.00 |  9.9960E-01 |  3.7075E+00 |  6.3968E-01
          400.00 |  9.9983E-01 |  2.0211E+00 |  7.1527E-01
          500.00 |  9.9991E-01 |  1.5545E+00 |  7.6466E-01
          600.00 |  9.9996E-01 |  1.3539E+00 |  7.9963E-01
          700.00 |  9.9999E-01 |  1.2475E+00 |  8.2559E-01
          800.00 |  1.0000E+00 |  1.1837E+00 |  8.4547E-01
          900.00 |  1.0000E+00 |  1.1421E+00 |  8.6139E-01
         1000.00 |  1.0000E+00 |  1.1134E+00 |  8.7434E-01
         1100.00 |  1.0000E+00 |  1.0927E+00 |  8.8508E-01
         1200.00 |  1.0000E+00 |  1.0772E+00 |  8.9413E-01
         1300.00 |  1.0000E+00 |  1.0654E+00 |  9.0186E-01
         1400.00 |  1.0000E+00 |  1.0561E+00 |  9.0854E-01
         1500.00 |  1.0000E+00 |  1.0486E+00 |  9.1437E-01
         1600.00 |  1.0000E+00 |  1.0426E+00 |  9.1950E-01
         1700.00 |  1.0000E+00 |  1.0376E+00 |  9.2405E-01
         1800.00 |  1.0000E+00 |  1.0335E+00 |  9.2811E-01
         1900.00 |  1.0000E+00 |  1.0300E+00 |  9.3176E-01
         2000.00 |  1.0000E+00 |  1.0270E+00 |  9.3506E-01
       ----------------------------------------------------

R_ab_gamma

       ----------------------------------------------------
          T (K)  |    Gamma    |    Kappa    |    Kappa
                 |     CVT     |     SCT     |   CVT/CAG
       ----------------------------------------------------
          250.00 |  8.2107E-01 |  7.4649E+00 |  9.8725E-01
          300.00 |  9.2148E-01 |  3.7629E+00 |  9.8107E-01
          400.00 |  9.8662E-01 |  2.0345E+00 |  7.3443E-01
          500.00 |  9.9349E-01 |  1.5605E+00 |  7.7487E-01
          600.00 |  9.9666E-01 |  1.3574E+00 |  8.0488E-01
          700.00 |  9.9824E-01 |  1.2498E+00 |  8.2802E-01
          800.00 |  9.9906E-01 |  1.1853E+00 |  8.4626E-01
          900.00 |  9.9951E-01 |  1.1433E+00 |  8.6117E-01
         1000.00 |  9.9975E-01 |  1.1143E+00 |  8.7349E-01
         1100.00 |  9.9988E-01 |  1.0934E+00 |  8.8380E-01
         1200.00 |  9.9995E-01 |  1.0779E+00 |  8.9257E-01
         1300.00 |  9.9998E-01 |  1.0659E+00 |  9.0014E-01
         1400.00 |  1.0000E+00 |  1.0565E+00 |  9.0677E-01
         1500.00 |  1.0000E+00 |  1.0490E+00 |  9.1255E-01
         1600.00 |  1.0000E+00 |  1.0430E+00 |  9.1764E-01
         1700.00 |  9.9999E-01 |  1.0379E+00 |  9.2215E-01
         1800.00 |  9.9998E-01 |  1.0338E+00 |  9.2624E-01
         1900.00 |  9.9997E-01 |  1.0302E+00 |  9.2992E-01
         2000.00 |  9.9995E-01 |  1.0273E+00 |  9.3325E-01
       ----------------------------------------------------

R_ab_delta

      ----------------------------------------------------
          T (K)  |    Gamma    |    Kappa    |    Kappa
                 |     CVT     |     SCT     |   CVT/CAG
       ----------------------------------------------------
          250.00 |  9.9718E-01 |  4.9299E+00 |  9.3832E-01
          300.00 |  9.9841E-01 |  2.9949E+00 |  9.4724E-01
          400.00 |  9.9948E-01 |  1.8432E+00 |  9.5896E-01
          500.00 |  9.9984E-01 |  1.4768E+00 |  9.6642E-01
          600.00 |  9.9996E-01 |  1.3102E+00 |  9.7155E-01
          700.00 |  1.0000E+00 |  1.2193E+00 |  9.7537E-01
          800.00 |  1.0000E+00 |  1.1638E+00 |  9.7829E-01
          900.00 |  9.9999E-01 |  1.1273E+00 |  9.8056E-01
         1000.00 |  9.9997E-01 |  1.1018E+00 |  9.8245E-01
         1100.00 |  9.9996E-01 |  1.0834E+00 |  9.8397E-01
         1200.00 |  9.9995E-01 |  1.0696E+00 |  9.8526E-01
         1300.00 |  9.9993E-01 |  1.0590E+00 |  9.8636E-01
         1400.00 |  9.9992E-01 |  1.0507E+00 |  9.8733E-01
         1500.00 |  9.9991E-01 |  1.0440E+00 |  9.8815E-01
         1600.00 |  9.9991E-01 |  1.0386E+00 |  9.8888E-01
         1700.00 |  9.9990E-01 |  1.0341E+00 |  9.8951E-01
         1800.00 |  9.9989E-01 |  1.0304E+00 |  9.9009E-01
         1900.00 |  9.9989E-01 |  1.0272E+00 |  9.9059E-01
         2000.00 |  9.9988E-01 |  1.0245E+00 |  9.9106E-01
       ----------------------------------------------------

R_ab_epsilon

       ----------------------------------------------------
          T (K)  |    Gamma    |    Kappa    |    Kappa
                 |     CVT     |     SCT     |   CVT/CAG
       ----------------------------------------------------
          250.00 |  9.7596E-01 |  5.0775E+01 |  9.6580E-01
          300.00 |  9.6881E-01 |  1.4575E+01 |  9.6682E-01
          400.00 |  9.5754E-01 |  4.3679E+00 |  9.6948E-01
          500.00 |  9.4927E-01 |  2.5445E+00 |  9.7230E-01
          600.00 |  9.4313E-01 |  1.9066E+00 |  9.7466E-01
          700.00 |  9.3852E-01 |  1.6045E+00 |  9.7683E-01
          800.00 |  9.3500E-01 |  1.4354E+00 |  9.7873E-01
          900.00 |  9.3228E-01 |  1.3301E+00 |  9.8037E-01
         1000.00 |  9.3014E-01 |  1.2597E+00 |  9.8183E-01
         1100.00 |  9.7785E-01 |  1.2102E+00 |  8.7374E-01
         1200.00 |  9.6728E-01 |  1.1738E+00 |  8.8003E-01
         1300.00 |  9.5839E-01 |  1.1462E+00 |  8.8617E-01
         1400.00 |  9.5085E-01 |  1.1249E+00 |  8.9183E-01
         1500.00 |  9.4437E-01 |  1.1079E+00 |  8.9700E-01
         1600.00 |  9.3876E-01 |  1.0942E+00 |  9.0190E-01
         1700.00 |  9.3387E-01 |  1.0830E+00 |  9.0635E-01
         1800.00 |  9.2956E-01 |  1.0737E+00 |  9.1042E-01
         1900.00 |  9.2574E-01 |  1.0659E+00 |  9.1419E-01
         2000.00 |  9.2234E-01 |  1.0593E+00 |  9.1769E-01
       ----------------------------------------------------

R_ab_methyl

       ----------------------------------------------------
          T (K)  |    Gamma    |    Kappa    |    Kappa
                 |     CVT     |     SCT     |   CVT/CAG
       ----------------------------------------------------
          250.00 |  8.8626E-01 |  3.8887E+01 |  9.9973E-01
          300.00 |  9.1023E-01 |  1.1879E+01 |  9.9944E-01
          400.00 |  9.4174E-01 |  3.8360E+00 |  9.9848E-01
          500.00 |  9.6081E-01 |  2.3257E+00 |  9.9705E-01
          600.00 |  9.7273E-01 |  1.7852E+00 |  9.9545E-01
          700.00 |  9.7937E-01 |  1.5262E+00 |  9.8355E-01
          800.00 |  9.8317E-01 |  1.3802E+00 |  9.8253E-01
          900.00 |  9.8569E-01 |  1.2888E+00 |  9.8271E-01
         1000.00 |  9.8743E-01 |  1.2276E+00 |  9.8330E-01
         1100.00 |  9.8868E-01 |  1.1843E+00 |  9.8403E-01
         1200.00 |  9.8960E-01 |  1.1525E+00 |  9.8486E-01
         1300.00 |  9.9030E-01 |  1.1284E+00 |  9.8568E-01
         1400.00 |  9.9084E-01 |  1.1097E+00 |  9.8645E-01
         1500.00 |  9.9126E-01 |  1.0949E+00 |  9.8716E-01
         1600.00 |  9.9160E-01 |  1.0829E+00 |  9.8785E-01
         1700.00 |  9.9187E-01 |  1.0730E+00 |  9.8846E-01
         1800.00 |  9.9209E-01 |  1.0649E+00 |  9.8904E-01
         1900.00 |  9.9227E-01 |  1.0580E+00 |  9.8958E-01
         2000.00 |  9.9242E-01 |  1.0522E+00 |  9.9007E-01
       ----------------------------------------------------


R_ad_beta

       ----------------------------------------------------
          T (K)  |    Gamma    |    Kappa    |    Kappa
                 |     CVT     |     SCT     |   CVT/CAG
       ----------------------------------------------------
          250.00 |  9.9809E-01 |  2.1560E+00 |  9.9865E-01
          300.00 |  9.9830E-01 |  1.6894E+00 |  9.9884E-01
          400.00 |  9.9848E-01 |  1.3367E+00 |  9.9907E-01
          500.00 |  9.9854E-01 |  1.2025E+00 |  9.9925E-01
          600.00 |  9.9857E-01 |  1.1361E+00 |  9.9938E-01
          700.00 |  9.9858E-01 |  1.0980E+00 |  9.9947E-01
          800.00 |  9.9859E-01 |  1.0741E+00 |  9.9953E-01
          900.00 |  9.9859E-01 |  1.0581E+00 |  9.9959E-01
         1000.00 |  9.9859E-01 |  1.0467E+00 |  9.9963E-01
         1100.00 |  9.9859E-01 |  1.0385E+00 |  9.9966E-01
         1200.00 |  9.9859E-01 |  1.0322E+00 |  9.9969E-01
         1300.00 |  9.9859E-01 |  1.0274E+00 |  9.9971E-01
         1400.00 |  9.9859E-01 |  1.0235E+00 |  9.9973E-01
         1500.00 |  9.9859E-01 |  1.0205E+00 |  9.9975E-01
         1600.00 |  9.9859E-01 |  1.0180E+00 |  9.9977E-01
         1700.00 |  9.9859E-01 |  1.0159E+00 |  9.9978E-01
         1800.00 |  9.9859E-01 |  1.0142E+00 |  9.9979E-01
         1900.00 |  9.9859E-01 |  1.0127E+00 |  9.9980E-01
         2000.00 |  9.9859E-01 |  1.0115E+00 |  9.9981E-01
       ----------------------------------------------------

R_ad_gamma

       ----------------------------------------------------
          T (K)  |    Gamma    |    Kappa    |    Kappa
                 |     CVT     |     SCT     |   CVT/CAG
       ----------------------------------------------------
          250.00 |  9.9750E-01 |  2.1945E+00 |  9.9841E-01
          300.00 |  9.9776E-01 |  1.7131E+00 |  9.9857E-01
          400.00 |  9.9800E-01 |  1.3483E+00 |  9.9889E-01
          500.00 |  9.9809E-01 |  1.2094E+00 |  9.9908E-01
          600.00 |  9.9813E-01 |  1.1407E+00 |  9.9923E-01
          700.00 |  9.9815E-01 |  1.1014E+00 |  9.9934E-01
          800.00 |  9.9817E-01 |  1.0766E+00 |  9.9943E-01
          900.00 |  9.9817E-01 |  1.0600E+00 |  9.9949E-01
         1000.00 |  9.9818E-01 |  1.0483E+00 |  9.9954E-01
         1100.00 |  9.9818E-01 |  1.0398E+00 |  9.9958E-01
         1200.00 |  9.9819E-01 |  1.0333E+00 |  9.9962E-01
         1300.00 |  9.9819E-01 |  1.0283E+00 |  9.9965E-01
         1400.00 |  9.9819E-01 |  1.0243E+00 |  9.9967E-01
         1500.00 |  9.9819E-01 |  1.0212E+00 |  9.9969E-01
         1600.00 |  9.9819E-01 |  1.0186E+00 |  9.9971E-01
         1700.00 |  9.9819E-01 |  1.0164E+00 |  9.9973E-01
         1800.00 |  9.9819E-01 |  1.0146E+00 |  9.9974E-01
         1900.00 |  9.9819E-01 |  1.0131E+00 |  9.9976E-01
         2000.00 |  9.9819E-01 |  1.0118E+00 |  9.9977E-01
       ----------------------------------------------------

****Z_4_mhex****

R_ab_alpha

       ----------------------------------------------------
          T (K)  |    Gamma    |    Kappa    |    Kappa
                 |     CVT     |     SCT     |   CVT/CAG
       ----------------------------------------------------
          250.00 |  9.9990E-01 |  1.8965E+01 |  9.9998E-01
          300.00 |  9.9992E-01 |  8.0197E+00 |  9.9997E-01
          400.00 |  9.9994E-01 |  3.3555E+00 |  9.9998E-01
          500.00 |  9.9995E-01 |  2.2097E+00 |  9.9998E-01
          600.00 |  9.9996E-01 |  1.7492E+00 |  9.9998E-01
          700.00 |  9.9996E-01 |  1.5146E+00 |  9.9998E-01
          800.00 |  9.9997E-01 |  1.3774E+00 |  9.9999E-01
          900.00 |  9.9997E-01 |  1.2896E+00 |  9.9998E-01
         1000.00 |  9.9997E-01 |  1.2298E+00 |  9.9998E-01
         1100.00 |  9.9997E-01 |  1.1870E+00 |  9.9999E-01
         1200.00 |  9.9997E-01 |  1.1554E+00 |  9.9999E-01
         1300.00 |  9.9998E-01 |  1.1312E+00 |  9.9999E-01
         1400.00 |  9.9998E-01 |  1.1123E+00 |  9.9999E-01
         1500.00 |  9.9998E-01 |  1.0973E+00 |  9.9999E-01
         1600.00 |  9.9998E-01 |  1.0851E+00 |  9.9999E-01
         1700.00 |  9.9998E-01 |  1.0751E+00 |  9.9999E-01
         1800.00 |  9.9998E-01 |  1.0668E+00 |  9.9999E-01
         1900.00 |  9.9998E-01 |  1.0598E+00 |  9.9999E-01
         2000.00 |  9.9998E-01 |  1.0538E+00 |  9.9999E-01
       ----------------------------------------------------

R_ab_beta

       ----------------------------------------------------
          T (K)  |    Gamma    |    Kappa    |    Kappa
                 |     CVT     |     SCT     |   CVT/CAG
       ----------------------------------------------------
          250.00 |  9.9885E-01 |  6.7136E+00 |  9.7145E-01
          300.00 |  9.9977E-01 |  3.6959E+00 |  9.7360E-01
          400.00 |  9.9992E-01 |  2.0691E+00 |  9.7740E-01
          500.00 |  9.9943E-01 |  1.5889E+00 |  9.8037E-01
          600.00 |  9.9890E-01 |  1.3781E+00 |  9.8280E-01
          700.00 |  9.9845E-01 |  1.2652E+00 |  9.8477E-01
          800.00 |  9.9809E-01 |  1.1971E+00 |  9.8634E-01
          900.00 |  9.9780E-01 |  1.1526E+00 |  9.8761E-01
         1000.00 |  9.9756E-01 |  1.1219E+00 |  9.8872E-01
         1100.00 |  9.9738E-01 |  1.0997E+00 |  9.8962E-01
         1200.00 |  9.9723E-01 |  1.0831E+00 |  9.9041E-01
         1300.00 |  9.9710E-01 |  1.0704E+00 |  9.9111E-01
         1400.00 |  9.9700E-01 |  1.0604E+00 |  9.9168E-01
         1500.00 |  9.9691E-01 |  1.0524E+00 |  9.9220E-01
         1600.00 |  9.9684E-01 |  1.0459E+00 |  9.9266E-01
         1700.00 |  9.9678E-01 |  1.0405E+00 |  9.9307E-01
         1800.00 |  9.9672E-01 |  1.0361E+00 |  9.9343E-01
         1900.00 |  9.9667E-01 |  1.0323E+00 |  9.9377E-01
         2000.00 |  9.9663E-01 |  1.0291E+00 |  9.9406E-01
       ----------------------------------------------------

R_ab_gamma

       ----------------------------------------------------
          T (K)  |    Gamma    |    Kappa    |    Kappa
                 |     CVT     |     SCT     |   CVT/CAG
       ----------------------------------------------------
          250.00 |  8.7781E-01 |  6.4619E+00 |  9.9330E-01
          300.00 |  9.8076E-01 |  3.4401E+00 |  6.6551E-01
          400.00 |  9.9087E-01 |  1.9436E+00 |  7.3000E-01
          500.00 |  9.9519E-01 |  1.5172E+00 |  7.7392E-01
          600.00 |  9.9728E-01 |  1.3317E+00 |  8.0559E-01
          700.00 |  9.9838E-01 |  1.2326E+00 |  8.2963E-01
          800.00 |  9.9899E-01 |  1.1729E+00 |  8.4836E-01
          900.00 |  9.9936E-01 |  1.1339E+00 |  8.6343E-01
         1000.00 |  9.9957E-01 |  1.1069E+00 |  8.7589E-01
         1100.00 |  9.9971E-01 |  1.0874E+00 |  8.8622E-01
         1200.00 |  9.9980E-01 |  1.0729E+00 |  8.9500E-01
         1300.00 |  9.9986E-01 |  1.0617E+00 |  9.0250E-01
         1400.00 |  9.9990E-01 |  1.0530E+00 |  9.0898E-01
         1500.00 |  9.9993E-01 |  1.0459E+00 |  9.1471E-01
         1600.00 |  9.9995E-01 |  1.0403E+00 |  9.1975E-01
         1700.00 |  9.9997E-01 |  1.0356E+00 |  9.2422E-01
         1800.00 |  9.9998E-01 |  1.0317E+00 |  9.2827E-01
         1900.00 |  9.9998E-01 |  1.0284E+00 |  9.3186E-01
         2000.00 |  9.9999E-01 |  1.0255E+00 |  9.3515E-01
       ----------------------------------------------------

R_ab_delta

       ----------------------------------------------------
          T (K)  |    Gamma    |    Kappa    |    Kappa
                 |     CVT     |     SCT     |   CVT/CAG
       ----------------------------------------------------
          250.00 |  8.7543E-01 |  7.8078E+00 |  9.9065E-01
          300.00 |  9.7599E-01 |  3.9015E+00 |  9.8606E-01
          400.00 |  9.8940E-01 |  2.0778E+00 |  7.4626E-01
          500.00 |  9.9459E-01 |  1.5816E+00 |  7.8659E-01
          600.00 |  9.9706E-01 |  1.3701E+00 |  8.1615E-01
          700.00 |  9.9832E-01 |  1.2584E+00 |  8.3856E-01
          800.00 |  9.9901E-01 |  1.1915E+00 |  8.5611E-01
          900.00 |  9.9940E-01 |  1.1480E+00 |  8.7034E-01
         1000.00 |  9.9964E-01 |  1.1181E+00 |  8.8209E-01
         1100.00 |  9.9977E-01 |  1.0965E+00 |  8.9182E-01
         1200.00 |  9.9986E-01 |  1.0804E+00 |  9.0010E-01
         1300.00 |  9.9991E-01 |  1.0680E+00 |  9.0725E-01
         1400.00 |  9.9995E-01 |  1.0583E+00 |  9.1343E-01
         1500.00 |  9.9997E-01 |  1.0506E+00 |  9.1888E-01
         1600.00 |  9.9998E-01 |  1.0443E+00 |  9.2361E-01
         1700.00 |  9.9999E-01 |  1.0391E+00 |  9.2787E-01
         1800.00 |  1.0000E+00 |  1.0348E+00 |  9.3174E-01
         1900.00 |  1.0000E+00 |  1.0312E+00 |  9.3515E-01
         2000.00 |  1.0000E+00 |  1.0281E+00 |  9.3824E-01
       ----------------------------------------------------

R_ab_epsilon

       ----------------------------------------------------
          T (K)  |    Gamma    |    Kappa    |    Kappa
                 |     CVT     |     SCT     |   CVT/CAG
       ----------------------------------------------------
          250.00 |  9.9980E-01 |  1.8596E+01 |  9.9898E-01
          300.00 |  9.9992E-01 |  7.8863E+00 |  9.9898E-01
          400.00 |  9.9999E-01 |  3.3008E+00 |  9.9903E-01
          500.00 |  1.0000E+00 |  2.1781E+00 |  9.9914E-01
          600.00 |  9.9998E-01 |  1.7284E+00 |  9.9925E-01
          700.00 |  9.9997E-01 |  1.4998E+00 |  9.9932E-01
          800.00 |  9.9996E-01 |  1.3663E+00 |  9.9938E-01
          900.00 |  9.9994E-01 |  1.2810E+00 |  9.9942E-01
         1000.00 |  9.9993E-01 |  1.2229E+00 |  9.9948E-01
         1100.00 |  9.9993E-01 |  1.1814E+00 |  9.9952E-01
         1200.00 |  9.9992E-01 |  1.1506E+00 |  9.9956E-01
         1300.00 |  9.9992E-01 |  1.1272E+00 |  9.9958E-01
         1400.00 |  9.9991E-01 |  1.1089E+00 |  9.9961E-01
         1500.00 |  9.9991E-01 |  1.0943E+00 |  9.9963E-01
         1600.00 |  9.9991E-01 |  1.0825E+00 |  9.9966E-01
         1700.00 |  9.9990E-01 |  1.0728E+00 |  9.9968E-01
         1800.00 |  9.9990E-01 |  1.0647E+00 |  9.9970E-01
         1900.00 |  9.9990E-01 |  1.0579E+00 |  9.9971E-01
         2000.00 |  9.9990E-01 |  1.0521E+00 |  9.9973E-01
       ----------------------------------------------------

R_ab_methyl

       ----------------------------------------------------
          T (K)  |    Gamma    |    Kappa    |    Kappa
                 |     CVT     |     SCT     |   CVT/CAG
       ----------------------------------------------------
          250.00 |  9.8637E-01 |  3.8490E+01 |  9.9063E-01
          300.00 |  9.9004E-01 |  1.1807E+01 |  9.9032E-01
          400.00 |  9.9403E-01 |  3.8244E+00 |  9.9052E-01
          500.00 |  9.9601E-01 |  2.3212E+00 |  9.9125E-01
          600.00 |  9.9711E-01 |  1.7828E+00 |  9.9194E-01
          700.00 |  9.9777E-01 |  1.5246E+00 |  9.9263E-01
          800.00 |  9.9819E-01 |  1.3790E+00 |  9.9328E-01
          900.00 |  9.9848E-01 |  1.2880E+00 |  9.9384E-01
         1000.00 |  9.9868E-01 |  1.2269E+00 |  9.9428E-01
         1100.00 |  9.9882E-01 |  1.1838E+00 |  9.9475E-01
         1200.00 |  9.9893E-01 |  1.1521E+00 |  9.9509E-01
         1300.00 |  9.9902E-01 |  1.1281E+00 |  9.9542E-01
         1400.00 |  9.9908E-01 |  1.1094E+00 |  9.9571E-01
         1500.00 |  9.9913E-01 |  1.0946E+00 |  9.9595E-01
         1600.00 |  9.9918E-01 |  1.0826E+00 |  9.9621E-01
         1700.00 |  9.9921E-01 |  1.0728E+00 |  9.9640E-01
         1800.00 |  9.9924E-01 |  1.0647E+00 |  9.9660E-01
         1900.00 |  9.9926E-01 |  1.0578E+00 |  9.9674E-01
         2000.00 |  9.9928E-01 |  1.0520E+00 |  9.9691E-01
       ----------------------------------------------------

R_ad_gamma

       ----------------------------------------------------
          T (K)  |    Gamma    |    Kappa    |    Kappa
                 |     CVT     |     SCT     |   CVT/CAG
       ----------------------------------------------------
          250.00 |  9.9957E-01 |  3.0973E+00 |  9.9959E-01
          300.00 |  9.9962E-01 |  2.2345E+00 |  9.9961E-01
          400.00 |  9.9966E-01 |  1.5935E+00 |  9.9970E-01
          500.00 |  9.9968E-01 |  1.3541E+00 |  9.9976E-01
          600.00 |  9.9968E-01 |  1.2369E+00 |  9.9980E-01
          700.00 |  9.9969E-01 |  1.1702E+00 |  9.9983E-01
          800.00 |  9.9969E-01 |  1.1284E+00 |  9.9985E-01
          900.00 |  9.9969E-01 |  1.1005E+00 |  9.9987E-01
         1000.00 |  9.9969E-01 |  1.0808E+00 |  9.9988E-01
         1100.00 |  9.9970E-01 |  1.0665E+00 |  9.9989E-01
         1200.00 |  9.9970E-01 |  1.0556E+00 |  9.9990E-01
         1300.00 |  9.9970E-01 |  1.0472E+00 |  9.9991E-01
         1400.00 |  9.9970E-01 |  1.0406E+00 |  9.9992E-01
         1500.00 |  9.9970E-01 |  1.0353E+00 |  9.9992E-01
         1600.00 |  9.9970E-01 |  1.0310E+00 |  9.9993E-01
         1700.00 |  9.9970E-01 |  1.0274E+00 |  9.9993E-01
         1800.00 |  9.9970E-01 |  1.0244E+00 |  9.9993E-01
         1900.00 |  9.9970E-01 |  1.0219E+00 |  9.9994E-01
         2000.00 |  9.9970E-01 |  1.0198E+00 |  9.9994E-01
       ----------------------------------------------------

R_ad_delta

       ----------------------------------------------------
          T (K)  |    Gamma    |    Kappa    |    Kappa
                 |     CVT     |     SCT     |   CVT/CAG
       ----------------------------------------------------
          250.00 |  9.9297E-01 |  2.2491E+00 |  9.9922E-01
          300.00 |  9.9337E-01 |  1.7407E+00 |  9.9931E-01
          400.00 |  9.9376E-01 |  1.3599E+00 |  9.9946E-01
          500.00 |  9.9392E-01 |  1.2160E+00 |  9.9956E-01
          600.00 |  9.9400E-01 |  1.1450E+00 |  9.9964E-01
          700.00 |  9.9405E-01 |  1.1044E+00 |  9.9969E-01
          800.00 |  9.9408E-01 |  1.0789E+00 |  9.9973E-01
          900.00 |  9.9409E-01 |  1.0618E+00 |  9.9976E-01
         1000.00 |  9.9411E-01 |  1.0497E+00 |  9.9978E-01
         1100.00 |  9.9412E-01 |  1.0409E+00 |  9.9980E-01
         1200.00 |  9.9412E-01 |  1.0343E+00 |  9.9982E-01
         1300.00 |  9.9413E-01 |  1.0291E+00 |  9.9983E-01
         1400.00 |  9.9413E-01 |  1.0250E+00 |  9.9984E-01
         1500.00 |  9.9414E-01 |  1.0218E+00 |  9.9985E-01
         1600.00 |  9.9414E-01 |  1.0191E+00 |  9.9986E-01
         1700.00 |  9.9414E-01 |  1.0169E+00 |  9.9987E-01
         1800.00 |  9.9414E-01 |  1.0151E+00 |  9.9988E-01
         1900.00 |  9.9415E-01 |  1.0135E+00 |  9.9989E-01
         2000.00 |  9.9415E-01 |  1.0122E+00 |  9.9989E-01
       ----------------------------------------------------

****E_4_mhex****

R_ab_alpha

       ----------------------------------------------------
          T (K)  |    Gamma    |    Kappa    |    Kappa
                 |     CVT     |     SCT     |   CVT/CAG
       ----------------------------------------------------
          250.00 |  9.9935E-01 |  1.5052E+01 |  9.9999E-01
          300.00 |  9.9940E-01 |  6.6442E+00 |  9.9999E-01
          400.00 |  9.9946E-01 |  2.9494E+00 |  9.9999E-01
          500.00 |  9.9951E-01 |  2.0145E+00 |  9.9999E-01
          600.00 |  9.9954E-01 |  1.6327E+00 |  9.9999E-01
          700.00 |  9.9957E-01 |  1.4364E+00 |  9.9999E-01
          800.00 |  9.9958E-01 |  1.3209E+00 |  9.9999E-01
          900.00 |  9.9960E-01 |  1.2467E+00 |  9.9999E-01
         1000.00 |  9.9961E-01 |  1.1960E+00 |  9.9999E-01
         1100.00 |  9.9962E-01 |  1.1597E+00 |  9.9999E-01
         1200.00 |  9.9962E-01 |  1.1328E+00 |  9.9999E-01
         1300.00 |  9.9963E-01 |  1.1122E+00 |  9.9999E-01
         1400.00 |  9.9963E-01 |  1.0961E+00 |  9.9999E-01
         1500.00 |  9.9963E-01 |  1.0833E+00 |  9.9999E-01
         1600.00 |  9.9964E-01 |  1.0729E+00 |  9.9999E-01
         1700.00 |  9.9964E-01 |  1.0643E+00 |  9.9999E-01
         1800.00 |  9.9964E-01 |  1.0572E+00 |  1.0000E+00
         1900.00 |  9.9964E-01 |  1.0512E+00 |  1.0000E+00
         2000.00 |  9.9964E-01 |  1.0461E+00 |  1.0000E+00
       ----------------------------------------------------

R_ab_beta

       ----------------------------------------------------
          T (K)  |    Gamma    |    Kappa    |    Kappa
                 |     CVT     |     SCT     |   CVT/CAG
       ----------------------------------------------------
          250.00 |  9.9779E-01 |  6.8489E+00 |  9.9376E-01
          300.00 |  9.9900E-01 |  3.7707E+00 |  9.9341E-01
          400.00 |  9.9987E-01 |  2.1026E+00 |  9.9337E-01
          500.00 |  1.0000E+00 |  1.6080E+00 |  9.9371E-01
          600.00 |  9.9991E-01 |  1.3906E+00 |  9.9410E-01
          700.00 |  9.9978E-01 |  1.2740E+00 |  9.9455E-01
          800.00 |  9.9964E-01 |  1.2037E+00 |  9.9496E-01
          900.00 |  9.9952E-01 |  1.1578E+00 |  9.9536E-01
         1000.00 |  9.9942E-01 |  1.1260E+00 |  9.9568E-01
         1100.00 |  9.9933E-01 |  1.1030E+00 |  9.9597E-01
         1200.00 |  9.9926E-01 |  1.0859E+00 |  9.9624E-01
         1300.00 |  9.9920E-01 |  1.0727E+00 |  9.9647E-01
         1400.00 |  9.9915E-01 |  1.0624E+00 |  9.9670E-01
         1500.00 |  9.9911E-01 |  1.0542E+00 |  9.9689E-01
         1600.00 |  9.9907E-01 |  1.0474E+00 |  9.9706E-01
         1700.00 |  9.9904E-01 |  1.0419E+00 |  9.9721E-01
         1800.00 |  9.9901E-01 |  1.0373E+00 |  9.9735E-01
         1900.00 |  9.9898E-01 |  1.0334E+00 |  9.9746E-01
         2000.00 |  9.9896E-01 |  1.0301E+00 |  9.9759E-01
       ----------------------------------------------------

R_ab_gamma

       ----------------------------------------------------
          T (K)  |    Gamma    |    Kappa    |    Kappa
                 |     CVT     |     SCT     |   CVT/CAG
       ----------------------------------------------------
          250.00 |  7.7352E-01 |  7.6227E+00 |  9.9058E-01
          300.00 |  8.6429E-01 |  3.8227E+00 |  9.8576E-01
          400.00 |  9.8179E-01 |  2.0525E+00 |  7.4967E-01
          500.00 |  9.9063E-01 |  1.5692E+00 |  7.8664E-01
          600.00 |  9.9486E-01 |  1.3626E+00 |  8.1441E-01
          700.00 |  9.9706E-01 |  1.2533E+00 |  8.3600E-01
          800.00 |  9.9825E-01 |  1.1878E+00 |  8.5323E-01
          900.00 |  9.9894E-01 |  1.1452E+00 |  8.6717E-01
         1000.00 |  9.9934E-01 |  1.1159E+00 |  8.7878E-01
         1100.00 |  9.9959E-01 |  1.0947E+00 |  8.8858E-01
         1200.00 |  9.9974E-01 |  1.0789E+00 |  8.9701E-01
         1300.00 |  9.9984E-01 |  1.0668E+00 |  9.0420E-01
         1400.00 |  9.9990E-01 |  1.0573E+00 |  9.1049E-01
         1500.00 |  9.9994E-01 |  1.0497E+00 |  9.1597E-01
         1600.00 |  9.9997E-01 |  1.0435E+00 |  9.2087E-01
         1700.00 |  9.9998E-01 |  1.0384E+00 |  9.2528E-01
         1800.00 |  9.9999E-01 |  1.0342E+00 |  9.2915E-01
         1900.00 |  1.0000E+00 |  1.0306E+00 |  9.3269E-01
         2000.00 |  1.0000E+00 |  1.0276E+00 |  9.3588E-01
       ----------------------------------------------------
       
R_ab_delta

       ----------------------------------------------------
          T (K)  |    Gamma    |    Kappa    |    Kappa
                 |     CVT     |     SCT     |   CVT/CAG
       ----------------------------------------------------
          250.00 |  9.1121E-01 |  7.5492E+00 |  9.8845E-01
          300.00 |  9.7767E-01 |  3.7974E+00 |  7.0505E-01
          400.00 |  9.8977E-01 |  2.0449E+00 |  7.6114E-01
          500.00 |  9.9488E-01 |  1.5654E+00 |  7.9937E-01
          600.00 |  9.9730E-01 |  1.3603E+00 |  8.2721E-01
          700.00 |  9.9853E-01 |  1.2518E+00 |  8.4829E-01
          800.00 |  9.9918E-01 |  1.1867E+00 |  8.6478E-01
          900.00 |  9.9954E-01 |  1.1444E+00 |  8.7816E-01
         1000.00 |  9.9974E-01 |  1.1152E+00 |  8.8912E-01
         1100.00 |  9.9986E-01 |  1.0941E+00 |  8.9827E-01
         1200.00 |  9.9993E-01 |  1.0784E+00 |  9.0606E-01
         1300.00 |  9.9997E-01 |  1.0664E+00 |  9.1279E-01
         1400.00 |  9.9999E-01 |  1.0569E+00 |  9.1860E-01
         1500.00 |  1.0000E+00 |  1.0494E+00 |  9.2373E-01
         1600.00 |  1.0000E+00 |  1.0433E+00 |  9.2818E-01
         1700.00 |  1.0000E+00 |  1.0382E+00 |  9.3219E-01
         1800.00 |  1.0000E+00 |  1.0340E+00 |  9.3577E-01
         1900.00 |  9.9999E-01 |  1.0305E+00 |  9.3904E-01
         2000.00 |  9.9999E-01 |  1.0274E+00 |  9.4194E-01
       ----------------------------------------------------

R_ab_epsilon

       ----------------------------------------------------
          T (K)  |    Gamma    |    Kappa    |    Kappa
                 |     CVT     |     SCT     |   CVT/CAG
       ----------------------------------------------------
          250.00 |  9.9998E-01 |  2.0490E+01 |  9.9981E-01
          300.00 |  9.9993E-01 |  8.3714E+00 |  9.9978E-01
          400.00 |  9.9982E-01 |  3.4000E+00 |  9.9975E-01
          500.00 |  9.9973E-01 |  2.2171E+00 |  9.9974E-01
          600.00 |  9.9965E-01 |  1.7490E+00 |  9.9975E-01
          700.00 |  9.9960E-01 |  1.5125E+00 |  9.9977E-01
          800.00 |  9.9956E-01 |  1.3750E+00 |  9.9978E-01
          900.00 |  9.9953E-01 |  1.2873E+00 |  9.9980E-01
         1000.00 |  9.9951E-01 |  1.2277E+00 |  9.9982E-01
         1100.00 |  9.9949E-01 |  1.1852E+00 |  9.9982E-01
         1200.00 |  9.9948E-01 |  1.1537E+00 |  9.9984E-01
         1300.00 |  9.9947E-01 |  1.1298E+00 |  9.9985E-01
         1400.00 |  9.9946E-01 |  1.1111E+00 |  9.9985E-01
         1500.00 |  9.9945E-01 |  1.0962E+00 |  9.9986E-01
         1600.00 |  9.9944E-01 |  1.0841E+00 |  9.9987E-01
         1700.00 |  9.9944E-01 |  1.0742E+00 |  9.9988E-01
         1800.00 |  9.9943E-01 |  1.0660E+00 |  9.9988E-01
         1900.00 |  9.9943E-01 |  1.0590E+00 |  9.9989E-01
         2000.00 |  9.9943E-01 |  1.0531E+00 |  9.9990E-01
       ----------------------------------------------------

R_ab_methyl

       ----------------------------------------------------
          T (K)  |    Gamma    |    Kappa    |    Kappa
                 |     CVT     |     SCT     |   CVT/CAG
       ----------------------------------------------------
          250.00 |  8.3915E-01 |  3.8857E+01 |  9.9998E-01
          300.00 |  8.6751E-01 |  1.1893E+01 |  9.9991E-01
          400.00 |  9.0486E-01 |  3.8437E+00 |  9.9961E-01
          500.00 |  9.2778E-01 |  2.3299E+00 |  9.9914E-01
          600.00 |  9.4253E-01 |  1.7879E+00 |  9.9872E-01
          700.00 |  9.5229E-01 |  1.5280E+00 |  9.9846E-01
          800.00 |  9.5890E-01 |  1.3815E+00 |  9.9838E-01
          900.00 |  9.6347E-01 |  1.2899E+00 |  9.9843E-01
         1000.00 |  9.6667E-01 |  1.2284E+00 |  9.9858E-01
         1100.00 |  9.6893E-01 |  1.1850E+00 |  9.9879E-01
         1200.00 |  9.7052E-01 |  1.1531E+00 |  9.9902E-01
         1300.00 |  9.7164E-01 |  1.1289E+00 |  9.9925E-01
         1400.00 |  9.7239E-01 |  1.1101E+00 |  9.9947E-01
         1500.00 |  9.7288E-01 |  1.0952E+00 |  9.9965E-01
         1600.00 |  9.7315E-01 |  1.0832E+00 |  9.9980E-01
         1700.00 |  9.7325E-01 |  1.0733E+00 |  9.9990E-01
         1800.00 |  9.7322E-01 |  1.0651E+00 |  9.9997E-01
         1900.00 |  9.7308E-01 |  1.0582E+00 |  1.0000E+00
         2000.00 |  9.7286E-01 |  1.0524E+00 |  1.0000E+00
       ----------------------------------------------------

R_ad_gamma

       ----------------------------------------------------
          T (K)  |    Gamma    |    Kappa    |    Kappa
                 |     CVT     |     SCT     |   CVT/CAG
       ----------------------------------------------------
          250.00 |  9.9828E-01 |  2.0841E+00 |  9.9949E-01
          300.00 |  9.9847E-01 |  1.6578E+00 |  9.9950E-01
          400.00 |  9.9864E-01 |  1.3262E+00 |  9.9960E-01
          500.00 |  9.9871E-01 |  1.1974E+00 |  9.9968E-01
          600.00 |  9.9873E-01 |  1.1331E+00 |  9.9973E-01
          700.00 |  9.9875E-01 |  1.0961E+00 |  9.9977E-01
          800.00 |  9.9875E-01 |  1.0727E+00 |  9.9980E-01
          900.00 |  9.9876E-01 |  1.0570E+00 |  9.9982E-01
         1000.00 |  9.9876E-01 |  1.0459E+00 |  9.9984E-01
         1100.00 |  9.9876E-01 |  1.0378E+00 |  9.9985E-01
         1200.00 |  9.9876E-01 |  1.0317E+00 |  9.9987E-01
         1300.00 |  9.9876E-01 |  1.0269E+00 |  9.9988E-01
         1400.00 |  9.9876E-01 |  1.0232E+00 |  9.9989E-01
         1500.00 |  9.9876E-01 |  1.0202E+00 |  9.9989E-01
         1600.00 |  9.9876E-01 |  1.0177E+00 |  9.9991E-01
         1700.00 |  9.9876E-01 |  1.0157E+00 |  9.9991E-01
         1800.00 |  9.9876E-01 |  1.0139E+00 |  9.9992E-01
         1900.00 |  9.9876E-01 |  1.0125E+00 |  9.9992E-01
         2000.00 |  9.9876E-01 |  1.0113E+00 |  9.9993E-01
       ----------------------------------------------------

R_ad_delta

       ----------------------------------------------------
          T (K)  |    Gamma    |    Kappa    |    Kappa
                 |     CVT     |     SCT     |   CVT/CAG
       ----------------------------------------------------
          250.00 |  9.9563E-01 |  1.9673E+00 |  9.8247E-01
          300.00 |  9.9625E-01 |  1.5868E+00 |  9.8506E-01
          400.00 |  9.9681E-01 |  1.2907E+00 |  9.8854E-01
          500.00 |  9.9704E-01 |  1.1759E+00 |  9.9070E-01
          600.00 |  9.9716E-01 |  1.1185E+00 |  9.9221E-01
          700.00 |  9.9722E-01 |  1.0855E+00 |  9.9332E-01
          800.00 |  9.9727E-01 |  1.0647E+00 |  9.9413E-01
          900.00 |  9.9729E-01 |  1.0508E+00 |  9.9478E-01
         1000.00 |  9.9731E-01 |  1.0409E+00 |  9.9530E-01
         1100.00 |  9.9733E-01 |  1.0336E+00 |  9.9573E-01
         1200.00 |  9.9734E-01 |  1.0282E+00 |  9.9608E-01
         1300.00 |  9.9735E-01 |  1.0240E+00 |  9.9638E-01
         1400.00 |  9.9035E-01 |  1.0206E+00 |  9.0674E-01
         1500.00 |  9.7890E-01 |  1.0179E+00 |  9.0203E-01
         1600.00 |  9.6809E-01 |  1.0157E+00 |  8.9849E-01
         1700.00 |  9.5789E-01 |  1.0139E+00 |  8.9502E-01
         1800.00 |  9.4810E-01 |  1.0124E+00 |  8.8969E-01
         1900.00 |  9.3871E-01 |  1.0111E+00 |  8.8584E-01
         2000.00 |  9.2975E-01 |  1.0100E+00 |  8.8308E-01
       ----------------------------------------------------

****5_mhex****

R_ab_alpha

       ----------------------------------------------------
          T (K)  |    Gamma    |    Kappa    |    Kappa
                 |     CVT     |     SCT     |   CVT/CAG
       ----------------------------------------------------
          250.00 |  9.6362E-01 |  1.4262E+01 |  9.9408E-01
          300.00 |  9.6302E-01 |  6.3376E+00 |  9.9333E-01
          400.00 |  9.6144E-01 |  2.8425E+00 |  9.9257E-01
          500.00 |  9.5974E-01 |  1.9586E+00 |  9.9240E-01
          600.00 |  9.5801E-01 |  1.5979E+00 |  9.9246E-01
          700.00 |  9.5627E-01 |  1.4124E+00 |  9.9260E-01
          800.00 |  9.5458E-01 |  1.3033E+00 |  9.9277E-01
          900.00 |  9.5295E-01 |  1.2332E+00 |  9.9269E-01
         1000.00 |  9.5136E-01 |  1.1852E+00 |  9.9256E-01
         1100.00 |  9.4982E-01 |  1.1509E+00 |  9.9240E-01
         1200.00 |  9.4834E-01 |  1.1254E+00 |  9.9222E-01
         1300.00 |  9.4692E-01 |  1.1060E+00 |  9.9205E-01
         1400.00 |  9.4556E-01 |  1.0908E+00 |  9.9188E-01
         1500.00 |  9.4425E-01 |  1.0787E+00 |  9.9166E-01
         1600.00 |  9.4299E-01 |  1.0688E+00 |  9.9147E-01
         1700.00 |  9.4177E-01 |  1.0608E+00 |  9.9125E-01
         1800.00 |  9.4060E-01 |  1.0540E+00 |  9.9102E-01
         1900.00 |  9.3947E-01 |  1.0484E+00 |  9.9079E-01
         2000.00 |  9.3837E-01 |  1.0436E+00 |  9.9050E-01
       ----------------------------------------------------

R_ab_beta

       ----------------------------------------------------
          T (K)  |    Gamma    |    Kappa    |    Kappa
                 |     CVT     |     SCT     |   CVT/CAG
       ----------------------------------------------------
          250.00 |  8.4053E-01 |  1.5175E+01 |  9.8783E-01
          300.00 |  8.8099E-01 |  6.4732E+00 |  9.8392E-01
          400.00 |  9.3232E-01 |  2.8184E+00 |  9.7600E-01
          500.00 |  9.6097E-01 |  1.9313E+00 |  9.6892E-01
          600.00 |  9.7732E-01 |  1.5763E+00 |  9.6579E-01
          700.00 |  9.8736E-01 |  1.3957E+00 |  9.6588E-01
          800.00 |  9.9021E-01 |  1.2902E+00 |  8.6965E-01
          900.00 |  9.8415E-01 |  1.2227E+00 |  8.7759E-01
         1000.00 |  9.7908E-01 |  1.1767E+00 |  8.8525E-01
         1100.00 |  9.7484E-01 |  1.1438E+00 |  8.9247E-01
         1200.00 |  9.7127E-01 |  1.1195E+00 |  8.9901E-01
         1300.00 |  9.6825E-01 |  1.1009E+00 |  9.0485E-01
         1400.00 |  9.6567E-01 |  1.0864E+00 |  9.1014E-01
         1500.00 |  9.6345E-01 |  1.0748E+00 |  9.1492E-01
         1600.00 |  9.6151E-01 |  1.0655E+00 |  9.1927E-01
         1700.00 |  9.5982E-01 |  1.0578E+00 |  9.2321E-01
         1800.00 |  9.5833E-01 |  1.0514E+00 |  9.2679E-01
         1900.00 |  9.5700E-01 |  1.0460E+00 |  9.3008E-01
         2000.00 |  9.5582E-01 |  1.0414E+00 |  9.3304E-01
       ----------------------------------------------------

R_ab_gamma

       ----------------------------------------------------
          T (K)  |    Gamma    |    Kappa    |    Kappa
                 |     CVT     |     SCT     |   CVT/CAG
       ----------------------------------------------------
          250.00 |  9.9650E-01 |  6.0831E+00 |  9.8888E-01
          300.00 |  9.9840E-01 |  3.4813E+00 |  9.8853E-01
          400.00 |  9.9978E-01 |  2.0096E+00 |  9.8889E-01
          500.00 |  1.0000E+00 |  1.5614E+00 |  9.8969E-01
          600.00 |  9.9987E-01 |  1.3621E+00 |  9.9041E-01
          700.00 |  9.9966E-01 |  1.2546E+00 |  9.9113E-01
          800.00 |  9.9943E-01 |  1.1896E+00 |  9.9183E-01
          900.00 |  9.9924E-01 |  1.1470E+00 |  9.9246E-01
         1000.00 |  9.9907E-01 |  1.1174E+00 |  9.9299E-01
         1100.00 |  9.9892E-01 |  1.0961E+00 |  9.9347E-01
         1200.00 |  9.9880E-01 |  1.0801E+00 |  9.9392E-01
         1300.00 |  9.9869E-01 |  1.0679E+00 |  9.9428E-01
         1400.00 |  9.9860E-01 |  1.0583E+00 |  9.9463E-01
         1500.00 |  9.9853E-01 |  1.0506E+00 |  9.9493E-01
         1600.00 |  9.9846E-01 |  1.0443E+00 |  9.9519E-01
         1700.00 |  9.9840E-01 |  1.0391E+00 |  9.9544E-01
         1800.00 |  9.9835E-01 |  1.0348E+00 |  9.9566E-01
         1900.00 |  9.9830E-01 |  1.0312E+00 |  9.9587E-01
         2000.00 |  9.9826E-01 |  1.0281E+00 |  9.9605E-01
       ----------------------------------------------------

R_ab_delta

       ----------------------------------------------------
          T (K)  |    Gamma    |    Kappa    |    Kappa
                 |     CVT     |     SCT     |   CVT/CAG
       ----------------------------------------------------
          250.00 |  6.6434E-01 |  9.2834E+00 |  9.8967E-01
          300.00 |  7.3947E-01 |  4.3805E+00 |  9.8490E-01
          400.00 |  8.4524E-01 |  2.2097E+00 |  9.7513E-01
          500.00 |  9.1321E-01 |  1.6435E+00 |  9.6819E-01
          600.00 |  9.5800E-01 |  1.4066E+00 |  9.6144E-01
          700.00 |  9.8709E-01 |  1.2827E+00 |  9.4753E-01
          800.00 |  9.9339E-01 |  1.2090E+00 |  8.7073E-01
          900.00 |  9.9673E-01 |  1.1613E+00 |  8.7397E-01
         1000.00 |  9.9842E-01 |  1.1285E+00 |  8.7998E-01
         1100.00 |  9.9928E-01 |  1.1049E+00 |  8.8653E-01
         1200.00 |  9.9972E-01 |  1.0873E+00 |  8.9289E-01
         1300.00 |  9.9992E-01 |  1.0739E+00 |  8.9887E-01
         1400.00 |  9.9999E-01 |  1.0633E+00 |  9.0448E-01
         1500.00 |  9.9999E-01 |  1.0549E+00 |  9.0952E-01
         1600.00 |  9.9995E-01 |  1.0481E+00 |  9.1408E-01
         1700.00 |  9.9987E-01 |  1.0425E+00 |  9.1818E-01
         1800.00 |  9.9979E-01 |  1.0378E+00 |  9.2203E-01
         1900.00 |  9.9970E-01 |  1.0338E+00 |  9.2548E-01
         2000.00 |  9.9961E-01 |  1.0305E+00 |  9.2870E-01
       ----------------------------------------------------

R_ab_epsilon_1

       ----------------------------------------------------
          T (K)  |    Gamma    |    Kappa    |    Kappa
                 |     CVT     |     SCT     |   CVT/CAG
       ----------------------------------------------------
          250.00 |  6.8215E-01 |  4.3363E+00 |  9.8918E-01
          300.00 |  7.5851E-01 |  2.6394E+00 |  9.8443E-01
          400.00 |  8.6759E-01 |  1.6829E+00 |  9.7483E-01
          500.00 |  9.3960E-01 |  1.3854E+00 |  9.6687E-01
          600.00 |  9.8637E-01 |  1.2508E+00 |  8.3625E-01
          700.00 |  9.9294E-01 |  1.1774E+00 |  8.4837E-01
          800.00 |  9.9634E-01 |  1.1325E+00 |  8.6022E-01
          900.00 |  9.9815E-01 |  1.1030E+00 |  8.7087E-01
         1000.00 |  9.9912E-01 |  1.0825E+00 |  8.8027E-01
         1100.00 |  9.9963E-01 |  1.0676E+00 |  8.8863E-01
         1200.00 |  9.9988E-01 |  1.0564E+00 |  8.9597E-01
         1300.00 |  9.9998E-01 |  1.0478E+00 |  9.0247E-01
         1400.00 |  1.0000E+00 |  1.0411E+00 |  9.0830E-01
         1500.00 |  9.9997E-01 |  1.0357E+00 |  9.1345E-01
         1600.00 |  9.9991E-01 |  1.0313E+00 |  9.1813E-01
         1700.00 |  9.9984E-01 |  1.0276E+00 |  9.2227E-01
         1800.00 |  9.9976E-01 |  1.0246E+00 |  9.2609E-01
         1900.00 |  9.9968E-01 |  1.0220E+00 |  9.2952E-01
         2000.00 |  9.9960E-01 |  1.0199E+00 |  9.3262E-01
       ----------------------------------------------------

R_ab_epsilon_2

       ----------------------------------------------------
          T (K)  |    Gamma    |    Kappa    |    Kappa
                 |     CVT     |     SCT     |   CVT/CAG
       ----------------------------------------------------
          250.00 |  7.4418E-01 |  6.1219E+00 |  8.7072E-01
          300.00 |  7.9261E-01 |  3.3297E+00 |  8.8451E-01
          400.00 |  8.5676E-01 |  1.9079E+00 |  9.0366E-01
          500.00 |  8.2583E-01 |  1.4987E+00 |  6.8642E-01
          600.00 |  7.9401E-01 |  1.3201E+00 |  7.1773E-01
          700.00 |  7.6932E-01 |  1.2246E+00 |  7.4056E-01
          800.00 |  7.5012E-01 |  1.1670E+00 |  7.6061E-01
          900.00 |  7.3507E-01 |  1.1293E+00 |  7.7818E-01
         1000.00 |  7.2316E-01 |  1.1033E+00 |  7.9368E-01
         1100.00 |  7.1360E-01 |  1.0845E+00 |  8.0743E-01
         1200.00 |  7.0582E-01 |  1.0704E+00 |  8.1947E-01
         1300.00 |  6.9942E-01 |  1.0597E+00 |  8.3032E-01
         1400.00 |  6.9409E-01 |  1.0512E+00 |  8.3985E-01
         1500.00 |  6.8959E-01 |  1.0444E+00 |  8.4855E-01
         1600.00 |  6.8576E-01 |  1.0389E+00 |  8.5636E-01
         1700.00 |  6.8248E-01 |  1.0344E+00 |  8.6341E-01
         1800.00 |  6.7964E-01 |  1.0306E+00 |  8.6983E-01
         1900.00 |  6.7715E-01 |  1.0274E+00 |  8.7562E-01
         2000.00 |  6.7498E-01 |  1.0247E+00 |  8.8106E-01
       ----------------------------------------------------

R_ab_methyl

       ----------------------------------------------------
          T (K)  |    Gamma    |    Kappa    |    Kappa
                 |     CVT     |     SCT     |   CVT/CAG
       ----------------------------------------------------
          250.00 |  6.9356E-01 |  4.4881E+01 |  9.9372E-01
          300.00 |  7.0643E-01 |  1.3324E+01 |  9.9360E-01
          400.00 |  7.2442E-01 |  4.1343E+00 |  9.9409E-01
          500.00 |  7.3612E-01 |  2.4481E+00 |  9.9465E-01
          600.00 |  7.4349E-01 |  1.8524E+00 |  9.9516E-01
          700.00 |  7.4779E-01 |  1.5691E+00 |  9.9554E-01
          800.00 |  7.4996E-01 |  1.4102E+00 |  9.9579E-01
          900.00 |  7.5071E-01 |  1.3111E+00 |  9.9597E-01
         1000.00 |  7.5052E-01 |  1.2449E+00 |  9.9611E-01
         1100.00 |  7.4972E-01 |  1.1982E+00 |  9.9621E-01
         1200.00 |  7.4854E-01 |  1.1639E+00 |  9.9627E-01
         1300.00 |  7.4712E-01 |  1.1379E+00 |  9.9633E-01
         1400.00 |  7.4558E-01 |  1.1178E+00 |  9.9638E-01
         1500.00 |  7.4396E-01 |  1.1018E+00 |  9.9642E-01
         1600.00 |  7.4232E-01 |  1.0889E+00 |  9.9645E-01
         1700.00 |  7.4070E-01 |  1.0783E+00 |  9.9648E-01
         1800.00 |  7.3910E-01 |  1.0696E+00 |  9.9651E-01
         1900.00 |  7.3754E-01 |  1.0622E+00 |  9.9654E-01
         2000.00 |  7.3603E-01 |  1.0560E+00 |  9.9657E-01
       ----------------------------------------------------

R_ad_delta

       ----------------------------------------------------
          T (K)  |    Gamma    |    Kappa    |    Kappa
                 |     CVT     |     SCT     |   CVT/CAG
       ----------------------------------------------------
          250.00 |  9.9662E-01 |  2.4249E+00 |  9.9832E-01
          300.00 |  9.9699E-01 |  1.8313E+00 |  9.9847E-01
          400.00 |  9.9731E-01 |  1.3985E+00 |  9.9879E-01
          500.00 |  9.9744E-01 |  1.2378E+00 |  9.9901E-01
          600.00 |  9.9750E-01 |  1.1591E+00 |  9.9917E-01
          700.00 |  9.9753E-01 |  1.1144E+00 |  9.9929E-01
          800.00 |  9.9755E-01 |  1.0863E+00 |  9.9938E-01
          900.00 |  9.9756E-01 |  1.0676E+00 |  9.9945E-01
         1000.00 |  9.9756E-01 |  1.0543E+00 |  9.9950E-01
         1100.00 |  9.9757E-01 |  1.0447E+00 |  9.9955E-01
         1200.00 |  9.9136E-01 |  1.0374E+00 |  9.1238E-01
         1300.00 |  9.7968E-01 |  1.0318E+00 |  9.0843E-01
         1400.00 |  9.6877E-01 |  1.0273E+00 |  9.0547E-01
         1500.00 |  9.5857E-01 |  1.0238E+00 |  9.0155E-01
         1600.00 |  9.4882E-01 |  1.0209E+00 |  8.9690E-01
         1700.00 |  9.3954E-01 |  1.0184E+00 |  8.9381E-01
         1800.00 |  9.3076E-01 |  1.0164E+00 |  8.9168E-01
         1900.00 |  9.2249E-01 |  1.0147E+00 |  8.9029E-01
         2000.00 |  9.1469E-01 |  1.0133E+00 |  8.8947E-01
       ----------------------------------------------------

R_ad_epsilon

      ----------------------------------------------------
          T (K)  |    Gamma    |    Kappa    |    Kappa
                 |     CVT     |     SCT     |   CVT/CAG
       ----------------------------------------------------
          250.00 |  5.8150E-01 |  1.4879E+00 |  9.7288E-01
          300.00 |  5.7730E-01 |  1.3187E+00 |  9.6538E-01
          400.00 |  5.6382E-01 |  1.1689E+00 |  9.5350E-01
          500.00 |  5.4901E-01 |  1.1052E+00 |  9.4083E-01
          600.00 |  5.3560E-01 |  1.0720E+00 |  9.3666E-01
          700.00 |  5.2424E-01 |  1.0524E+00 |  9.3463E-01
          800.00 |  5.1431E-01 |  1.0399E+00 |  9.2994E-01
          900.00 |  5.0567E-01 |  1.0314E+00 |  9.2950E-01
         1000.00 |  4.9826E-01 |  1.0254E+00 |  9.3068E-01
         1100.00 |  4.9189E-01 |  1.0209E+00 |  9.3255E-01
         1200.00 |  4.8637E-01 |  1.0176E+00 |  9.3470E-01
         1300.00 |  4.8156E-01 |  1.0149E+00 |  9.3692E-01
         1400.00 |  4.7733E-01 |  1.0129E+00 |  9.3917E-01
         1500.00 |  4.7359E-01 |  1.0112E+00 |  9.4020E-01
         1600.00 |  4.7018E-01 |  1.0098E+00 |  9.4079E-01
         1700.00 |  4.6709E-01 |  1.0087E+00 |  9.4187E-01
         1800.00 |  4.6427E-01 |  1.0078E+00 |  9.4316E-01
         1900.00 |  4.6170E-01 |  1.0070E+00 |  9.4457E-01
         2000.00 |  4.5935E-01 |  1.0063E+00 |  9.4601E-01
       ----------------------------------------------------



